0
1
2
3
4
5
6
7
8
9
10
11
12
13
14
15
16
17
18
19
20
21
22
23
24
25
26
27
28
29
30
31
32
33
34
35
36
37
38
39
40
41
42
43
44
45
46
47
48
49
50
51
52
53
54
55
56
57
58
59
60
61
62
63
64
65
66
67
68
69
70
71
72
73
74
75
76
77
78
79
80
81
82
83
84
85
87
88
89
90
91
93
94
95
96
97
98
99
100
101
102
104
108
109
110
112
113
114
116
117
118
121
122
123
124
127
129
131
132
135
138
144
147
148
149
152
153
154
159
165
166
167
168
169
179
184
191
192
195
197
199
200
201
204
209
210
211
212
213
221
223
232
239
240
246
250
255
264
278
13574
13575
13576
13577
13578
13579
13580
13581
13582
13583
13584
13585
13586
13587
13588
13589
13590
13591
13592
13593
13594
13595
13596
13597
13598
13599
13600
13601
13602
13603
13604
13605
13606
13607
13608
13609
13610
13611
13612
13613
13614
13615
13616
13617
13618
13619
13620
13621
13623
13624
13625
13626
13627
13628
13629
13630
13631
13632
13633
13634
13635
13636
13637
13638
13639
13640
13641
13642
13643
13644
13645
13646
13647
13648
13649
13650
13651
13652
13653
13655
13656
13657
13658
13660
13661
13662
13663
13664
13666
13667
13670
13674
13676
13677
13681
13682
13686
13687
13688
13689
13695
13697
13698
13699
13703
13706
13707
13708
13711
13712
13713
13715
13718
13720
13724
13725
13727
13730
13733
13740
13746
13757
13759
13772
13777
13788
13789
13802
13838
26661
26662
26663
26664
26665
26666
26667
26668
26669
26670
26671
26672
26673
26674
26675
26676
26677
26678
26679
26680
26681
26682
26683
26684
26685
26686
26687
26688
26689
26690
26691
26692
26693
26694
26695
26696
26697
26698
26699
26700
26701
26702
26703
26704
26705
26706
26707
26708
26709
26710
26711
26712
26713
26714
26715
26716
26717
26718
26719
26720
26721
26722
26723
26725
26726
26727
26728
26729
26730
26731
26732
26734
26735
26737
26738
26739
26741
26742
26744
26745
26746
26747
26748
26750
26752
26753
26754
26757
26759
26761
26762
26767
26768
26770
26772
26773
26774
26775
26776
26778
26779
26780
26781
26782
26784
26788
26789
26793
26805
26807
26809
26813
26815
26823
26827
26835
26836
26840
26843
26844
26845
26849
26850
26852
26853
26854
26864
26871
26873
37413
37414
37415
37416
37417
37418
37419
37420
37421
37422
37423
37424
37425
37426
37427
37428
37429
37430
37431
37432
37433
37434
37435
37436
37437
37438
37439
37440
37441
37442
37443
37444
37445
37446
37447
37448
37449
37450
37451
37452
37453
37454
37455
37456
37457
37458
37459
37460
37461
37462
37463
37464
37465
37466
37467
37469
37470
37471
37472
37473
37474
37475
37476
37477
37478
37479
37480
37481
37482
37483
37484
37485
37488
37489
37490
37494
37495
37497
37498
37499
37502
37504
37506
37507
37508
37509
37510
37511
37512
37513
37514
37515
37516
37517
37523
37524
37528
37530
37531
37532
37534
37535
37536
37537
37539
37540
37541
37542
37543
37545
37548
37553
37555
37556
37560
37572
37576
37578
37579
37584
37586
37588
37611
37612
37615
37617
37629
47698
47699
47700
47701
47702
47703
47704
47705
47706
47707
47708
47709
47710
47711
47712
47713
47714
47715
47716
47717
47718
47719
47720
47721
47722
47723
47724
47725
47726
47727
47728
47729
47730
47731
47732
47733
47734
47735
47736
47737
47738
47739
47740
47741
47742
47743
47744
47745
47746
47747
47749
47750
47753
47754
47756
47757
47758
47759
47760
47762
47763
47764
47765
47767
47768
47770
47772
47773
47774
47779
47780
47781
47782
47785
47787
47789
47791
47798
47838
55226
55227
55228
55229
55230
55231
55232
55233
55234
55235
55236
55237
55238
55239
55240
55241
55242
55243
55244
55245
55246
55247
55248
55249
55250
55251
55252
55253
55254
55255
55256
55257
55258
55259
55260
55261
55262
55263
55265
55266
55267
55268
55270
55271
55272
55273
55274
55275
55276
55277
55278
55279
55280
55281
55282
55283
55284
55285
55286
55287
55288
55289
55290
55292
55293
55294
55295
55299
55301
55302
55303
55304
55306
55307
55308
55309
55311
55312
55313
55316
55319
55321
55323
55327
55328
55331
55334
55338
55342
55346
55349
55353
55374
61924
61925
61926
61927
61928
61929
61930
61931
61932
61933
61934
61935
61936
61937
61938
61939
61940
61941
61942
61943
61944
61945
61946
61947
61948
61949
61950
61951
61952
61953
61954
61955
61956
61957
61958
61959
61960
61961
61962
61963
61964
61965
61966
61967
61968
61969
61970
61971
61972
61973
61975
61976
61978
61979
61980
61981
61982
61984
61985
61986
61987
61988
61990
61991
61992
61994
61996
61997
61998
62000
62001
62002
62005
62007
62008
62011
62020
62024
62026
62027
62034
62035
62039
62040
62041
62042
62044
62045
62048
62054
62057
62063
62066
62071
62079
62080
62090
62094
69325
69326
69327
69328
69329
69330
69331
69332
69333
69334
69335
69336
69337
69338
69339
69340
69341
69342
69343
69344
69345
69346
69347
69348
69349
69350
69351
69352
69353
69354
69355
69356
69357
69358
69359
69360
69361
69363
69364
69365
69366
69367
69368
69370
69372
69373
69374
69375
69376
69378
69379
69381
69384
69387
69388
69392
69393
69394
69395
69396
69401
69407
69409
69413
69424
69441
74812
74813
74814
74815
74816
74817
74818
74819
74820
74821
74822
74823
74824
74825
74826
74827
74828
74829
74830
74831
74832
74833
74834
74835
74836
74837
74838
74839
74840
74841
74842
74844
74845
74846
74847
74848
74849
74850
74852
74853
74855
74857
74858
74860
74861
74863
74864
74866
74868
74869
74870
74872
74877
74882
74883
74884
74885
74887
74890
74891
74892
74901
74904
74913
74915
74929
74930
74949
82052
82053
82054
82055
82056
82057
82058
82059
82060
82061
82062
82063
82064
82065
82066
82067
82068
82069
82070
82071
82072
82073
82074
82075
82076
82077
82078
82079
82080
82081
82082
82083
82084
82085
82086
82087
82088
82089
82090
82091
82092
82093
82094
82095
82096
82097
82098
82099
82100
82101
82102
82103
82104
82107
82108
82109
82111
82112
82113
82114
82115
82117
82120
82121
82122
82123
82125
82128
82130
82134
82135
82136
82137
82138
82141
82142
82144
82146
82148
82150
82152
82154
82155
82156
82157
82160
82161
82163
82174
82183
82194
82196
89547
89548
89549
89550
89551
89552
89553
89554
89555
89556
89557
89558
89559
89560
89561
89562
89563
89564
89565
89566
89567
89568
89569
89570
89571
89572
89573
89574
89575
89576
89577
89578
89580
89581
89582
89583
89584
89585
89586
89587
89588
89589
89591
89592
89593
89594
89595
89596
89598
89599
89601
89602
89608
89614
89615
89620
89623
89626
89631
89635
89645
89646
89653
89655
95658
95659
95660
95661
95662
95663
95664
95665
95666
95667
95668
95669
95670
95671
95672
95673
95674
95675
95676
95677
95678
95679
95680
95681
95682
95683
95684
95685
95686
95687
95688
95690
95691
95692
95693
95694
95695
95696
95698
95699
95701
95702
95703
95708
95709
95712
95714
95716
95717
95720
95722
95724
95733
95734
95735
95738
95742
95747
95754
95756
95759
95761
95768
95779
101320
101321
101322
101323
101324
101325
101326
101327
101328
101329
101330
101331
101332
101333
101334
101335
101336
101337
101338
101339
101340
101341
101342
101343
101344
101345
101346
101347
101348
101349
101350
101351
101352
101353
101354
101355
101359
101360
101361
101363
101365
101366
101368
101370
101373
101374
101375
101381
101383
101394
101410
101414
101416
107575
107576
107577
107578
107579
107580
107581
107582
107583
107584
107585
107586
107587
107588
107589
107590
107591
107592
107593
107594
107595
107596
107597
107598
107599
107600
107601
107602
107603
107606
107607
107608
107610
107612
107613
107614
107616
107618
107623
107625
107629
107630
107631
107636
107638
107639
107642
107647
107649
107657
107658
107659
107671
111851
111852
111853
111854
111855
111856
111857
111858
111859
111860
111861
111862
111864
111865
111866
111867
111868
111869
111870
111871
111872
111873
111875
111876
111877
111878
111879
111886
111888
111889
111890
111891
111893
111895
111905
111914
114978
114979
114980
114981
114982
114983
114984
114985
114986
114987
114988
114989
114990
114991
114992
114993
114994
114995
114996
114997
114998
115001
115002
115003
115004
115005
115006
115007
115008
115010
115011
115012
115014
115015
115017
115025
115028
115029
115033
115041
117910
117911
117912
117913
117914
117915
117916
117917
117918
117919
117920
117921
117922
117923
117924
117925
117926
117927
117928
117929
117930
117931
117936
117937
117940
117941
117943
117944
117949
117959
117962
117963
117970
120596
120597
120598
120599
120600
120601
120602
120603
120604
120605
120606
120607
120608
120609
120610
120611
120612
120613
120614
120615
120616
120617
120618
120619
120620
120621
120623
120625
120626
120627
120628
120629
120630
120631
120632
120633
120634
120635
120637
120638
120639
120641
120642
120646
120647
120648
120654
120658
120662
120663
120672
120674
120681
120682
120683
120685
123897
123898
123899
123900
123901
123902
123903
123904
123905
123906
123907
123908
123909
123910
123911
123912
123913
123914
123916
123917
123918
123919
123920
123921
123922
123932
123935
123938
123941
123952
123958
127534
127535
127536
127537
127538
127539
127540
127541
127542
127543
127544
127545
127546
127547
127548
127549
127550
127551
127552
127553
127554
127555
127556
127557
127558
127560
127561
127562
127564
127565
127566
127567
127568
127577
127578
127581
127583
127588
127591
130153
130154
130155
130156
130157
130158
130159
130160
130161
130162
130163
130164
130165
130166
130167
130168
130169
130170
130171
130172
130173
130174
130175
130178
130182
130186
130191
130195
130196
130198
130200
133307
133308
133309
133310
133311
133312
133313
133314
133315
133316
133317
133318
133319
133320
133322
133323
133324
133326
133327
133329
133331
133332
133334
133335
133338
133340
133342
133343
133345
133347
133348
133353
133358
136426
136427
136428
136429
136430
136431
136432
136433
136434
136435
136436
136437
136438
136439
136440
136441
136442
136443
136444
136445
136446
136447
136448
136449
136450
136452
136453
136454
136455
136459
136460
136463
136465
136466
136469
136470
136471
136473
136479
136491
139356
139357
139358
139359
139360
139362
139363
139364
139365
139366
139367
139368
139369
139370
139371
139372
139373
139374
139375
139377
139378
139380
139381
139384
139385
139388
139389
139392
139393
139394
139396
139399
139400
139402
139403
139410
139411
141440
141441
141442
141443
141444
141445
141446
141447
141448
141449
141450
141451
141452
141453
141454
141455
141459
141460
141463
141464
141469
141470
141472
141483
143743
143744
143745
143746
143747
143748
143749
143750
143751
143752
143753
143754
143755
143756
143757
143758
143759
143760
143761
143762
143763
143764
143765
143766
143767
143768
143769
143770
143771
143772
143773
143775
143776
143780
143781
143789
146077
146078
146079
146080
146081
146082
146083
146084
146085
146086
146087
146088
146089
146090
146091
146092
146095
146096
146097
146098
146103
148079
148080
148081
148082
148083
148084
148085
148086
148087
148088
148089
148090
148091
148092
148093
148094
148095
148096
148097
148098
148099
148100
148101
148102
148107
148109
148115
148118
148125
148126
150616
150617
150618
150619
150620
150621
150622
150623
150624
150625
150626
150628
150629
150631
150632
150633
150634
150635
150636
150638
150640
150648
150651
150661
152693
152694
152695
152696
152697
152698
152699
152700
152701
152702
152703
152704
152705
152706
152707
152708
152709
152710
152711
152712
152713
152715
152718
152719
152721
152726
152728
152729
152731
152736
154809
154810
154811
154812
154813
154814
154815
154816
154817
154818
154819
154820
154821
154822
154823
154824
154825
154826
154828
154829
154832
154844
154846
154847
156984
156985
156986
156987
156988
156989
156990
156991
156992
156993
156994
156995
156996
156997
156998
156999
157000
157001
157002
157003
157005
157007
157009
157010
157015
157019
157022
157023
157025
157038
159543
159544
159545
159546
159547
159549
159550
159551
159552
159553
159554
159556
159557
159559
159560
159561
159562
159564
159567
159568
159572
159579
159583
159584
159585
159586
159590
159592
159596
159598
161723
161724
161725
161726
161727
161728
161729
161730
161731
161732
161733
161734
161735
161736
161737
161738
161739
161740
161741
161742
161743
161744
161747
161748
161753
161754
161757
161764
161768
164202
164203
164204
164205
164206
164207
164208
164209
164210
164211
164212
164213
164214
164215
164216
164217
164218
164219
164220
164221
164222
164223
164224
164230
164232
164244
164252
166245
166246
166247
166248
166249
166250
166251
166252
166253
166254
166255
166256
166257
166258
166259
166260
166261
166262
166264
166265
166266
166268
166270
166271
166274
166281
166283
168220
168221
168222
168223
168224
168225
168226
168227
168228
168229
168230
168231
168232
168233
168234
168235
168236
168237
168239
168240
168241
168257
168265
170542
170543
170544
170545
170546
170547
170548
170549
170550
170551
170552
170553
170554
170555
170556
170558
170559
170560
170563
170564
170565
170567
170570
170571
170572
170574
170575
170580
172573
172574
172575
172576
172577
172578
172579
172580
172581
172582
172583
172584
172585
172586
172587
172588
172589
172590
172591
172592
172594
172595
172598
172599
172600
172613
175139
175140
175141
175142
175143
175145
175146
175147
175148
175149
175150
175152
175153
175154
175156
175157
175159
175160
175163
175164
175169
175174
175180
177056
177057
177058
177059
177060
177061
177062
177063
177064
177065
177066
177067
177068
177069
177071
177073
177077
177080
177082
177083
177087
177088
177089
177097
177099
178912
178913
178914
178915
178916
178917
178918
178919
178920
178921
178922
178923
178924
178925
178926
178927
178928
178929
178930
178931
178934
178935
178936
178940
178941
181065
181066
181067
181068
181069
181070
181071
181072
181073
181074
181075
181078
181079
181080
181081
181083
181084
181087
181089
181092
181093
181095
181096
181099
181101
182998
182999
183000
183001
183002
183003
183004
183005
183006
183007
183008
183009
183010
183012
183014
183015
183017
183026
183027
183029
185458
185459
185460
185461
185462
185463
185464
185465
185466
185467
185468
185469
185470
185471
185472
185473
185474
185475
185478
185482
185483
185487
185488
185491
187360
187361
187362
187363
187364
187365
187372
187373
187376
187378
187379
188753
188754
188755
188756
188757
188758
188759
188760
188761
188762
188763
188764
188768
188775
188780
188787
188789
188793
190771
190772
190773
190774
190775
190776
190777
190778
190779
190780
190781
190783
190784
190785
190787
190788
190790
190793
190794
190795
190797
190800
190804
190806
192413
192414
192415
192416
192417
192418
192419
192420
192421
192422
192423
192424
192425
192429
192430
192431
192432
192434
192449
194143
194144
194145
194146
194147
194153
195448
195449
195450
195451
195452
195453
195454
195456
195464
195466
195473
195475
197477
197478
197479
197480
197481
197482
197484
197485
197486
197487
197489
197490
197491
197492
197495
197506
199349
199350
199351
199352
199353
199354
199355
199356
199358
199360
199363
199365
199366
200688
200689
200690
200691
200692
200693
200694
200695
200696
200697
200698
200699
200700
200703
200705
200708
200712
200713
200720
200732
202800
202801
202802
202803
202804
202805
202806
202807
202808
202809
202812
202816
202818
202820
202822
202825
202826
202832
202835
202836
202837
204067
204068
204069
204070
204071
204072
204073
204074
204075
204076
204077
204078
204079
204080
204081
204083
204085
204088
204089
205612
205613
205614
205615
205616
205617
205618
205619
205620
205621
205622
205624
205626
205627
205632
205635
207054
207055
207056
207057
207058
207059
207060
207061
207062
207064
207065
207069
207074
207075
207077
207078
207081
208693
208694
208695
208696
208697
208698
208699
208700
208701
208703
208704
208705
208706
208707
208709
208710
208711
208712
208721
210244
210245
210246
210247
210248
210250
210251
210254
211813
211814
211815
211816
211817
211819
211820
211821
211822
211823
211826
211828
211830
211833
213212
213213
213214
213215
213216
213217
213218
213219
213220
213221
213222
213223
213224
213227
213228
213229
213230
213232
213233
213235
213241
214548
214549
214550
214551
214552
214553
214554
214555
214556
214557
214558
214559
214562
214563
214564
214565
214567
214569
214573
214576
214577
215836
215837
215838
215839
215840
215841
215842
215843
215844
215845
215846
215847
215848
215849
215850
215851
215852
215853
215854
215857
215858
215859
215860
215862
215865
215870
215875
215879
217367
217368
217369
217370
217371
217372
217373
217383
217387
218378
218379
218380
218381
218382
218383
218384
218385
218386
218387
218391
218392
218393
218395
218396
218401
218404
218407
218408
219851
219852
219853
219854
219855
219856
219857
219858
219859
219860
219862
219863
219864
219865
219870
219871
219872
219873
219880
220842
220843
220844
220845
220846
220847
220849
220850
220851
220859
220860
220866
222257
222258
222259
222260
222261
222262
222263
222264
222266
222267
222268
222269
222270
222271
222274
222277
222280
222282
223365
223366
223367
223368
223369
223370
223371
223372
223373
223374
223375
223376
223381
223382
223386
223388
223389
224738
224739
224740
224741
224742
224743
224744
224745
224746
224747
224748
224749
224750
224751
224752
224754
224765
225971
225972
225973
225974
225975
225976
225977
225978
225980
225981
225983
225984
225986
225990
227157
227158
227159
227160
227161
227162
227163
227164
227165
227166
227167
227168
227170
227976
227977
227978
227979
227980
227981
227982
227983
227984
227985
227986
227987
227989
227990
227992
227993
227999
228974
228975
228976
228977
228978
228979
228980
228981
228982
228983
228984
228985
228987
230291
230292
230293
230294
230295
230296
230297
230298
230299
230300
230302
230303
230306
230308
231256
231257
231258
231259
231260
231261
231262
231263
231264
231267
231269
231273
232232
232233
232234
232235
232236
232237
232238
232239
232240
232242
232243
232246
232249
233240
233241
233242
233243
233244
233245
233246
233247
233248
233249
233250
233251
233252
233254
233255
233256
233258
233263
233269
234339
234340
234341
234342
234343
234344
234345
234346
234348
234351
234353
234354
234357
234360
234363
234364
235087
235088
235089
235090
235091
235092
235093
235094
235095
235096
235097
235102
236257
236258
236259
236260
236261
236262
236263
236264
236265
236267
236269
236271
236272
236273
236274
237366
237367
237368
237369
237370
237371
237373
238184
238185
238186
238187
238188
238189
238190
238191
238192
238194
238195
238196
238198
238201
238203
238204
238206
239123
239124
239125
239126
239127
239128
239129
239130
239131
239133
239134
240246
240247
240248
240249
240250
240251
240252
240254
240256
240257
241194
241195
241196
241197
241198
241199
241200
241201
241202
241203
241204
241206
241207
241208
241213
241225
242290
242291
242292
242293
242294
242295
242296
242297
242300
242303
242304
242306
242309
242311
242312
242313
242314
242315
242321
242322
243157
243158
243159
243160
243161
243162
243163
243164
243165
243167
243171
243179
244058
244059
244060
244061
244062
244063
244064
244065
244067
244069
244072
244073
244075
244076
244080
244882
244883
244884
244885
244888
244889
245570
245571
245572
245573
245574
245578
246558
246559
246560
246561
246562
246563
246564
246565
246566
246567
246570
246571
246572
246573
246575
246577
246579
247325
247326
247327
247328
247330
247331
247333
247334
247335
247336
247337
247344
247988
247989
247990
247991
247992
247993
247994
247996
248795
248796
248797
248798
248799
248800
248801
248803
248809
249687
249688
249689
249690
249691
249692
249693
249694
249697
250518
250519
250520
250521
250522
250523
250525
250532
250533
251207
251208
251209
251210
251211
251214
252146
252147
252150
252157
253102
253103
253104
253105
253106
253107
253108
253109
253110
253112
253114
253120
253883
253884
253885
253886
253887
253888
253889
253890
253892
253896
253897
254543
254544
254545
254546
254547
254548
254549
254550
254551
254553
255287
255288
255289
255290
255292
255294
255297
255945
255946
255947
255948
255949
255950
255951
255952
255953
255954
255955
255958
255962
256881
256882
256883
256884
256885
257397
257398
257399
257400
257404
257996
257997
257998
257999
258000
258001
258002
258005
258006
258007
258009
258872
258873
258874
258875
258876
258877
258878
258880
258883
259488
259489
259490
259491
259492
259493
259494
259495
260278
260279
260280
260282
260283
260286
260940
260941
260942
260943
260944
260945
260946
260947
260948
260949
260952
261769
261770
261771
261772
261773
261774
261776
261784
262470
262471
262472
262473
262474
263191
263192
263193
263195
263196
263197
263202
263206
263881
263882
263883
263884
263885
263888
263890
263891
263893
264567
264568
264569
264570
264571
264572
264574
264575
264578
265357
265358
265359
265360
265361
265365
266064
266065
266066
266067
266069
266918
266919
266920
266921
266923
267449
267450
267451
267452
267453
267454
267457
267458
268189
268190
268191
268192
268193
268195
268198
268199
268200
268737
268738
268739
268740
268748
268749
268751
269323
269324
269325
269326
269329
269330
269331
269332
269334
269336
269338
269339
269951
269952
269955
269957
270572
270573
270574
270575
270576
270578
270579
270582
271240
271241
271242
271244
271842
271843
271844
271845
271846
271848
271849
271850
272484
272485
272486
272487
272488
272491
272495
272498
273065
273066
273067
273068
273069
273070
273071
273073
273076
273079
273080
273081
273085
273681
273682
273683
273684
273687
273689
274287
274288
274289
274290
274291
274292
274295
274296
274297
274298
274300
274958
274959
274960
274961
274962
274963
274964
274965
274966
274967
274968
275481
275482
275483
275484
275485
275486
276187
276188
276189
276190
276191
276192
276193
276195
276840
276841
276842
276843
276845
276846
276847
276853
277473
277474
277475
277476
277478
277479
277482
277483
278109
278110
278111
278112
278113
278114
278115
278116
278798
278799
278800
278801
278802
278803
278804
278805
278808
278809
278810
278813
279290
279291
279292
279293
279294
279295
279296
279297
279299
279300
279778
279779
279780
279781
279784
279785
280266
280267
280268
280269
280270
280271
280281
280861
280862
280863
280864
281336
281337
281338
281339
281340
281341
281346
281347
281348
281851
281852
281853
281854
281855
281856
281857
281859
281861
282580
282581
282582
282583
282584
282585
282586
282587
282590
282591
282593
283107
283108
283109
283110
283111
283112
283558
283559
283560
283561
283562
283563
283564
284122
284123
284124
284125
284707
284708
284709
284710
284711
284712
284713
284714
285216
285217
285218
285219
285222
285816
285817
285818
285820
286446
286447
286448
286449
286453
286922
286923
286925
286929
286934
286935
287515
287516
287517
287518
287519
287521
287523
288036
288037
288038
288039
288041
288044
288046
288629
288630
288631
288632
288634
288637
288639
288644
289166
289167
289168
289169
289170
289182
289183
289184
289186
289713
289714
289715
289716
289717
289718
289720
289722
289725
290202
290203
290204
290205
290206
290210
290211
290212
290533
290534
290535
290536
290538
291140
291141
291148
291745
291746
291747
291748
291749
291758
292354
292355
292360
292732
292733
292734
292735
292736
292737
292738
292739
293197
293198
293199
293202
293204
293596
293597
293598
293599
293600
293995
293996
293997
293998
293999
294427
294428
294429
294430
294431
294432
294436
294883
294884
294885
294886
295206
295207
295208
295209
295210
295213
295217
295220
295795
295796
295797
295798
295799
296328
296329
296330
296331
296332
296333
296334
296336
296885
296886
296887
296888
297451
297452
297453
297454
297455
297460
297886
297887
298293
298294
298295
298296
298297
298305
298835
298836
298837
298838
298839
299246
299247
299248
299249
299250
299251
299733
299734
299735
299736
299740
299741
299743
299746
300119
300120
300121
300122
300123
300124
300126
300128
300129
300482
300483
300484
300486
300967
300968
300969
300970
300971
301418
301419
301420
301421
301423
301424
301426
301427
301429
301911
301912
301913
301914
301916
301920
301923
302351
302352
302353
302687
302688
302689
302691
302692
303173
303174
303175
303177
303178
303179
303182
303528
303529
303530
303531
303532
303534
303535
303537
303917
303918
303919
303920
303921
303922
303923
303924
303925
303926
304309
304310
304311
304313
304624
304625
304626
304627
304628
304630
305083
305084
305085
305437
305438
305928
305930
305931
306393
306394
306395
306396
306398
306720
306721
307072
307073
307074
307075
307076
307538
307539
307540
307541
307542
307545
308023
308024
308025
308031
308444
308445
308446
308447
308897
308898
308899
308900
308901
308903
308905
309334
309335
309336
309337
309338
309339
309344
309345
309349
309351
309725
309726
309727
309728
309729
309731
310106
310107
310108
310470
310471
310472
310475
310916
310917
310918
310919
311257
311258
311259
311260
311262
311264
311692
311693
311694
311695
311697
311698
311958
311959
311960
311961
312334
312335
312336
312337
312338
312339
312341
312342
312760
312761
312762
312763
312766
313060
313061
313062
313063
313065
313505
313506
313507
313511
313513
313985
313986
313987
313988
314371
314372
314373
314374
314375
314376
314781
314782
314783
314784
314785
315208
315209
315213
315216
315624
315625
315626
315977
315978
315979
315980
315981
315982
316295
316296
316297
316298
316300
316301
316302
316303
316306
316307
316693
316694
316695
317019
317020
317022
317023
317436
317437
317438
317439
317440
317442
317443
317444
317775
317776
317777
317778
317779
317780
317787
318169
318170
318171
318172
318177
318485
318486
318487
318488
318489
318490
318491
318837
318838
318839
318840
318841
318842
319277
319278
319280
319282
319284
319600
319601
319602
319957
319958
319959
319960
320345
320346
320348
320349
320729
320730
321049
321050
321051
321052
321054
321462
321463
321464
321465
321466
321808
321809
321810
321811
321812
321820
321821
322176
322177
322178
322179
322603
322604
322605
322606
322608
322610
323064
323065
323066
323067
323069
323388
323389
323390
323391
323392
323393
323394
323396
323755
323756
323757
323758
323765
324130
324131
324132
324133
324134
324370
324371
324372
324373
324374
324376
324377
324623
324624
324626
324991
324992
324993
325374
325375
325376
325377
325609
325610
325611
325612
325614
325615
325981
325982
325983
325984
325985
325986
326262
326263
326264
326266
326614
326615
326616
326617
326619
326622
326946
326947
326948
326949
326950
326952
327279
327280
327281
327282
327580
327581
327582
327583
327584
327586
327832
327835
328234
328235
328236
328242
328629
328630
328631
328632
328633
328634
328635
328636
328915
328916
328917
328919
328921
329239
329240
329241
329242
329243
329518
329519
329520
329521
329821
329822
329825
330040
330041
330042
330043
330045
330393
330394
330395
330397
330715
330716
330718
330926
330927
330928
331294
331296
331529
331530
331531
331532
331870
331871
331872
331873
331875
331876
332246
332247
332248
332249
332581
332582
332583
332584
332585
332588
332945
332946
332947
332948
332953
333321
333322
333323
333324
333570
333571
333572
333574
333833
333834
333835
333837
333839
333840
333841
334108
334109
334110
334111
334445
334446
334450
334451
334452
334454
334455
334731
334732
334735
335035
335036
335037
335038
335039
335347
335348
335349
335665
335666
335667
335668
335883
335884
335887
336108
336109
336110
336111
336112
336114
336437
336438
336668
336669
336915
336916
336917
336918
336919
336921
337192
337193
337495
337496
337497
337498
337767
337768
337769
337771
338041
338042
338043
338053
338332
338333
338334
338335
338339
338625
338626
338838
338839
338840
338841
338843
339091
339092
339093
339094
339095
339096
339415
339416
339417
339419
339650
339651
339652
339899
340129
340130
340131
340132
340133
340135
340462
340463
340697
340698
340700
340957
340958
341164
341165
341166
341167
341168
341171
341446
341447
341448
341449
341450
341749
341750
341751
341752
342099
342100
342101
342102
342103
342299
342300
342301
342304
342306
342555
342556
342557
342558
342920
342921
342922
342924
342926
343179
343180
343501
343502
343503
343504
343794
343795
343796
343797
344083
344084
344085
344432
344433
344700
344701
344702
344703
344707
344944
344945
344946
345195
345196
345198
345435
345436
345645
345646
345647
345828
345829
345830
345832
346087
346088
346089
346090
346091
346353
346354
346355
346356
346629
346630
346631
346632
346859
347102
347104
347106
347107
347108
347316
347317
347321
347532
347535
347815
348087
348088
348311
348312
348508
348509
348510
348511
348684
348685
348686
348687
348857
349040
349041
349043
349362
349363
349364
349689
349690
349691
349692
349695
349964
349965
349966
350260
350261
350262
350264
350265
350448
350450
350452
350454
350658
350659
350660
350661
350932
350933
350934
350935
350938
350939
351180
351181
351428
351429
351636
351637
351638
351890
351891
351892
351893
351894
352179
352180
352181
352399
352400
352401
352404
352623
352624
352625
352866
352867
352868
353120
353121
353122
353123
353124
353127
353364
353365
353366
353526
353527
353528
353529
353722
353723
353992
353993
353996
353999
354246
354483
354484
354485
354486
354798
354799
354801
355123
355124
355125
355126
355127
355128
355129
355363
355364
355365
355599
355600
355601
355603
355816
355817
356150
356151
356152
356471
356472
356473
356671
356672
356673
356674
356870
356871
357097
357098
357099
357100
357400
357401
357404
357727
357729
357931
357933
357934
357938
358180
358489
358490
358493
358737
358738
358739
358966
358967
358969
359129
359134
359361
359362
359603
359605
359606
359813
360049
360050
360051
360052
360240
360241
360243
360469
360470
360471
360472
360474
360740
360741
360742
360746
360943
360944
360946
360947
361232
361233
361390
361391
361392
361641
361642
361643
361816
361817
361818
361819
361821
362040
362041
362042
362047
362048
362296
362297
362298
362299
362300
362530
362531
362533
362677
362679
362680
362681
362873
362874
362875
362876
363093
363094
363095
363096
363306
363307
363308
363537
363538
363540
363541
363762
363763
363965
363966
363967
363968
364136
364137
364318
364319
364320
364321
364323
364325
364557
364558
364559
364560
364765
364767
364948
364949
364950
364951
364952
364955
365170
365172
365394
365395
365398
365400
365634
365635
365636
365638
365812
366110
366111
366112
366314
366315
366316
366525
366526
366768
366769
366770
366772
366950
366951
366952
367171
367172
367173
367358
367359
367360
367361
367362
367558
367559
367560
367561
367565
367758
367759
367760
367992
367993
367994
367995
367996
367997
368219
368220
368221
368222
368223
368224
368391
368392
368393
368394
368399
368614
368615
368620
368829
368830
368831
369020
369021
369023
369203
369424
369425
369427
369428
369429
369673
369674
369675
369677
369679
369828
369829
369830
369831
370000
370003
370190
370192
370395
370623
370624
370886
370887
370888
370889
370890
371133
371134
371137
371138
371140
371343
371344
371345
371347
371488
371489
371490
371491
371621
371622
371627
371628
371807
371808
371809
371810
371811
371956
371957
372155
372156
372157
372158
372373
372374
372603
372604
372822
372823
372824
372825
373039
373040
373041
373042
373043
373207
373208
373209
373407
373408
373409
373410
373619
373620
373621
373623
373792
373793
373794
373795
373796
374002
374003
374004
374181
374182
374183
374184
374187
374357
374358
374364
374545
374546
374725
374726
374871
374872
374873
374875
375101
375285
375286
375287
375447
375449
375452
375453
375645
375646
375649
375857
375858
376062
376063
376064
376065
376254
376255
376256
376458
376459
376460
376647
376649
376756
376757
376939
376940
377064
377065
377205
377206
377207
377401
377402
377403
377531
377673
377676
377857
377858
378039
378040
378041
378042
378248
378249
378250
378251
378431
378432
378433
378434
378673
378674
378675
378676
378802
378803
378804
378936
378937
379144
379366
379367
379495
379497
379722
379723
379959
379961
380157
380158
380370
380371
380372
380373
380590
380591
380734
380735
380855
380856
380857
380859
380860
380861
380990
380991
380995
381173
381174
381175
381396
381397
381398
381560
381686
381687
381830
381831
382017
382203
382204
382206
382318
382319
382449
382450
382451
382639
382797
382798
382799
382997
383169
383170
383320
383321
383322
383521
383687
383854
383855
383981
383982
384147
384148
384150
384154
384317
384318
384321
384518
384519
384522
384703
384704
384918
384919
384920
384921
385079
385080
385081
385223
385224
385225
385226
385227
385423
385424
385563
385565
385566
385766
385994
385995
385996
385998
386176
386177
386178
386179
386318
386319
386495
386496
386497
386622
386786
386787
386788
386931
386932
386933
387063
387065
387066
387067
387251
387252
387254
387398
387600
387601
387602
387768
387769
387927
387928
387929
388072
388073
388074
388229
388230
388232
388393
388394
388514
388648
388649
388650
388774
388775
388929
388930
389040
389163
389276
389277
389278
389408
389409
389411
389567
389785
389786
389788
389935
389936
390094
390095
390248
390389
390390
390391
390506
390507
390508
390636
390637
390759
390760
390972
390973
391130
391313
391314
391315
391512
391513
391514
391515
391636
391637
391638
391774
391775
391776
391868
391869
392058
392059
392061
392221
392222
392223
392336
392337
392338
392339
392439
392440
392643
392644
392645
392646
392836
392837
392838
392839
392946
392948
393135
393137
393308
393309
393471
393472
393473
393624
393626
393749
393750
393927
394136
394137
394271
394272
394274
394445
394446
394448
394635
394636
394637
394743
394883
394884
394885
394886
395025
395026
395027
395169
395171
395300
395406
395407
395408
395573
395734
395735
395736
395738
395867
395868
395869
395985
395986
395987
396095
396096
396242
396412
396516
396619
396620
396621
396622
396624
396730
396731
396732
396879
397001
397002
397003
397164
397296
397297
397300
397435
397589
397759
397760
397761
397874
397875
397877
398048
398051
398156
398157
398158
398264
398265
398388
398553
398554
398555
398712
398893
398894
398895
399040
399150
399155
399285
399286
399437
399438
399439
399569
399570
399571
399669
399670
399671
399817
399818
399819
399941
399944
399945
400089
400090
400091
400092
400226
400228
400338
400433
400434
400436
400573
400676
400677
400678
400829
400955
400956
400957
401093
401094
401268
401269
401421
401422
401583
401584
401585
401721
401722
401824
401825
401826
401964
402096
402097
402098
402099
402101
402208
402314
402315
402459
402460
402639
402640
402781
402782
402939
402940
403097
403098
403099
403203
403204
403347
403348
403349
403450
403451
403452
403590
403591
403716
403717
403718
403864
403865
403964
403965
403966
404087
404088
404236
404237
404365
404366
404491
404492
404493
404694
404695
404697
404698
404812
404813
404912
404913
404914
405069
405070
405071
405233
405234
405376
405377
405592
405593
405594
405762
405897
405898
406035
406036
406210
406211
406375
406376
406377
406536
406739
406740
406741
406873
406875
407002
407106
407255
407256
407257
407358
407527
407528
407673
407674
407795
407796
407797
407942
407943
408045
408189
408190
408363
408364
408512
408513
408514
408515
408590
408780
408781
408896
408897
409038
409039
409220
409221
409294
409295
409393
409473
409474
409600
409601
409714
409902
410011
410012
410174
410175
410280
410281
410381
410382
410496
410573
410574
410575
410576
410685
410842
410972
410973
411064
411066
411179
411180
411181
411182
411251
411252
411254
411363
411368
411447
411449
411452
411587
411588
411589
411761
411762
411763
411908
412019
412157
412158
412267
412268
412377
412450
412452
412577
412578
412739
412740
412830
412831
412832
412833
412834
412835
412966
412968
412969
413044
413045
413149
413312
413313
413377
413378
413379
413522
413523
413617
413618
413721
413722
413723
413839
413840
413937
413939
414048
414049
414050
414150
414151
414275
414278
414379
414498
414499
414641
414642
414759
414760
414852
414956
414957
415063
415064
415164
415165
415286
415373
415374
415375
415517
415518
415645
415646
415647
415771
415772
415849
415926
415927
416015
416016
416018
416141
416286
416287
416288
416412
416413
416414
416520
416521
416523
416620
416726
416727
416795
416796
416797
416799
416882
417003
417004
417124
417125
417244
417359
417360
417361
417478
417479
417607
417695
417838
417968
417971
418054
418056
418180
418181
418279
418280
418281
418417
418526
418527
418662
418663
418820
418821
418925
419024
419025
419026
419101
419102
419103
419104
419194
419196
419251
419252
419373
419374
419491
419605
419607
419720
419721
419823
419825
419943
419944
419945
420084
420085
420088
420183
420184
420304
420305
420426
420532
420533
420653
420654
420655
420784
420902
420984
420985
420986
421075
421179
421180
421337
421435
421568
421706
421708
421797
421922
421923
421924
422014
422106
422107
422108
422240
422361
422363
422446
422517
422518
422519
422520
422521
422631
422632
422729
422730
422731
422811
422812
422911
423058
423060
423173
423174
423321
423404
423405
423512
423514
423621
423622
423624
423701
423702
423798
423799
423800
423901
423902
423982
423984
424113
424199
424200
424274
424275
424395
424396
424397
424503
424504
424598
424718
424854
424953
424954
425065
425066
425163
425249
425250
425340
425418
425498
425559
425680
425777
425780
425868
425940
426031
426032
426033
426121
426122
426255
426256
426359
426360
426468
426470
426471
426581
426582
426691
426692
426693
426811
426813
426936
427094
427177
427178
427295
427296
427404
427567
427568
427634
427635
427746
427747
427835
427974
427975
428084
428142
428143
428217
428334
428335
428428
428429
428430
428517
428518
428520
428639
428748
428749
428751
428846
428849
428932
428933
428934
429015
429016
429113
429195
429196
429302
429401
429403
429498
429606
429607
429700
429798
429799
429800
429858
429917
430012
430013
430102
430103
430175
430253
430258
430340
430341
430447
430449
430521
430612
430613
430614
430695
430811
430920
430921
430925
431016
431093
431094
431223
431298
431299
431399
431503
431504
431614
431687
431793
431931
432016
432091
432202
432203
432309
432413
432481
432584
432650
432651
432757
432808
432886
432887
432996
432997
433124
433207
433309
433310
433311
433427
433519
433521
433677
433769
433770
433876
433968
433969
433970
434080
434187
434289
434290
434348
434350
434440
434483
434564
434659
434660
434728
434729
434828
434889
434890
434962
435082
435083
435175
435288
435289
435375
435376
435377
435447
435448
435449
435549
435630
435714
435804
435805
435807
435877
435942
436059
436060
436138
436207
436301
436302
436365
436366
436367
436506
436591
436592
436679
436680
436682
436755
436756
436844
436845
436950
436951
436952
437032
437157
437158
437244
437245
437303
437369
437370
437482
437483
437562
437650
437651
437752
437753
437847
437848
437954
437955
438019
438020
438089
438090
438178
438257
438367
438368
438462
438536
438537
438631
438632
438633
438709
438710
438779
438845
438942
439006
439007
439099
439204
439205
439282
439283
439284
439329
439431
439516
439517
439603
439681
439682
439684
439770
439845
439846
439919
439965
439966
440050
440051
440052
440120
440121
440190
440295
440354
440438
440439
440478
440555
440556
440617
440618
440730
440817
440900
440901
440979
440980
440981
441078
441079
441164
441246
441313
441372
441451
441452
441543
441620
441679
441680
441735
441737
441839
441843
441917
441918
441919
441982
442074
442075
442170
442171
442248
442249
442334
442335
442419
442519
442520
442596
442645
442646
442647
442648
442711
442712
442835
442836
442888
442889
442982
443062
443063
443121
443196
443198
443274
443337
443416
443555
443556
443650
443712
443713
443768
443769
443832
443914
443994
443995
443996
444083
444177
444178
444232
444318
444379
444437
444438
444534
444628
444629
444689
444768
444824
444825
444897
444898
444960
444961
445016
445017
445120
445121
445198
445199
445283
445384
445385
445462
445521
445616
445663
445664
445729
445730
445789
445790
445791
445836
445899
445967
445968
446034
446122
446179
446271
446272
446321
446322
446377
446442
446504
446505
446562
446563
446644
446645
446737
446816
446817
446887
446974
447033
447034
447121
447206
447207
447263
447264
447343
447407
447456
447536
447537
447597
447598
447671
447736
447737
447811
447898
447899
447993
448038
448108
448177
448178
448259
448260
448349
448445
448533
448612
448613
448647
448727
448761
448762
448763
448829
448936
448937
449016
449017
449066
449122
449237
449238
449323
449324
449399
449400
449462
449513
449514
449516
449577
449578
449669
449752
449804
449805
449892
449965
449966
450032
450097
450163
450220
450221
450278
450279
450355
450356
450434
450507
450572
450574
450660
450727
450795
450872
450934
450937
451002
451003
451088
451146
451148
451202
451260
451325
451326
451412
451413
451472
451473
451515
451516
451570
451571
451589
451670
451754
451829
451893
451983
452044
452045
452113
452114
452192
452244
452293
452340
452396
452490
452537
452582
452632
452633
452727
452783
452834
452873
452874
452924
452925
452969
453020
453021
453093
453161
453162
453243
453285
453380
453381
453450
453508
453509
453599
453646
453746
453747
453797
453860
453911
453912
453962
453963
454048
454050
454080
454130
454235
454236
454284
454349
454350
454389
454390
454391
454392
454454
454513
454575
454627
454684
454769
454770
454814
454815
454894
454966
454967
455014
455015
455072
455073
455147
455148
455214
455273
455274
455326
455327
455401
455484
455556
455626
455700
455701
455765
455814
455815
455855
455919
455920
456017
456018
456101
456165
456166
456250
456296
456297
456347
456415
456491
456591
456592
456656
456721
456785
456854
456888
456963
456998
456999
457063
457114
457184
457244
457302
457363
457364
457411
457476
457477
457563
457564
457612
457663
457711
457755
457826
457882
457932
457981
458036
458037
458084
458122
458145
458146
458218
458219
458281
458350
458351
458386
458388
458432
458474
458544
458583
458654
458655
458696
458736
458771
458772
458830
458831
458881
458882
458944
459000
459001
459052
459129
459182
459216
459275
459333
459411
459486
459548
459585
459586
459647
459648
459715
459779
459834
459908
459983
459984
460058
460100
460166
460167
460244
460279
460280
460330
460362
460431
460497
460542
460602
460638
460639
460723
460785
460823
460913
460972
461015
461054
461128
461175
461263
461265
461332
461333
461364
461365
461414
461468
461541
461605
461646
461648
461686
461756
461819
461875
461876
461908
461975
462050
462052
462087
462137
462190
462292
462293
462294
462340
462410
462411
462480
462549
462594
462639
462640
462694
462728
462780
462781
462877
462936
463006
463084
463085
463116
463192
463266
463322
463410
463411
463447
463448
463513
463575
463661
463708
463762
463763
463825
463826
463866
463867
463924
463925
463970
464021
464022
464084
464143
464183
464184
464185
464247
464296
464344
464419
464487
464551
464615
464616
464664
464666
464745
464746
464793
464794
464842
464843
464902
464903
464949
465034
465092
465093
465144
465222
465267
465311
465383
465432
465433
465505
465506
465552
465553
465620
465621
465645
465694
465749
465807
465848
465849
465949
465987
466062
466063
466123
466124
466167
466224
466225
466298
466340
466386
466455
466498
466558
466602
466649
466651
466652
466705
466756
466757
466818
466879
466938
466939
466983
467041
467114
467156
467157
467213
467214
467254
467319
467363
467364
467414
467465
467466
467500
467501
467568
467569
467596
467597
467632
467681
467724
467776
467777
467850
467851
467908
467996
467997
468054
468129
468178
468207
468210
468250
468299
468336
468401
468473
468474
468475
468548
468607
468608
468666
468724
468776
468834
468876
468929
468988
469045
469102
469157
469158
469188
469189
469235
469273
469342
469402
469463
469498
469578
469618
469655
469704
469769
469817
469819
469890
469891
469935
469980
469981
470032
470033
470070
470117
470118
470166
470167
470222
470266
470314
470315
470372
470420
470421
470467
470523
470587
470637
470638
470699
470700
470763
470830
470874
470947
470999
471056
471103
471104
471175
471218
471251
471295
471296
471317
471374
471418
471464
471509
471533
471585
471617
471649
471708
471709
471710
471755
471810
471811
471860
471896
471941
471995
472055
472056
472057
472081
472139
472184
472261
472292
472336
472389
472442
472501
472571
472631
472684
472728
472792
472834
472835
472895
472964
473009
473083
473136
473137
473174
473175
473221
473222
473224
473285
473349
473383
473422
473470
473471
473495
473532
473533
473571
473603
473604
473652
473727
473781
473840
473897
473953
473982
474017
474074
474132
474133
474188
474189
474223
474224
474278
474279
474327
474382
474412
474482
474483
474542
474543
474576
474614
474659
474707
474708
474747
474801
474855
474882
474914
474955
475012
475014
475062
475097
475135
475178
475249
475250
475293
475326
475368
475433
475476
475477
475556
475600
475601
475645
475665
475666
475708
475709
475751
475782
475834
475884
475928
475965
475966
475995
476039
476040
476093
476145
476193
476260
476307
476308
476340
476341
476392
476449
476476
476536
476537
476585
476586
476627
476628
476669
476670
476743
476794
476826
476885
476925
476970
476971
477014
477054
477100
477146
477192
477244
477301
477352
477373
477419
477449
477492
477531
477569
477600
477664
477693
477751
477752
477753
477807
477846
477912
477913
477976
477977
478026
478084
478137
478200
478223
478260
478293
478322
478364
478443
478444
478484
478534
478590
478636
478638
478687
478721
478770
478808
478872
478926
478962
479045
479103
479143
479206
479257
479258
479317
479318
479356
479357
479403
479430
479431
479468
479529
479562
479603
479644
479667
479704
479744
479745
479778
479834
479835
479890
479944
480007
480059
480114
480177
480238
480239
480270
480306
480349
480402
480403
480437
480494
480537
480538
480591
480664
480710
480751
480789
480790
480820
480876
480905
480952
480953
481007
481046
481091
481147
481192
481237
481292
481345
481387
481388
481429
481489
481515
481569
481591
481655
481692
481693
481716
481758
481801
481838
481839
481880
481881
481941
481942
481984
482035
482036
482101
482140
482195
482196
482235
482291
482292
482337
482385
482455
482496
482544
482570
482614
482615
482616
482640
482664
482717
482748
482749
482798
482845
482871
482925
482975
483028
483081
483082
483126
483183
483215
483258
483259
483310
483344
483382
483431
483473
483519
483564
483600
483662
483697
483698
483736
483759
483813
483814
483815
483846
483888
483951
484014
484046
484089
484131
484179
484180
484231
484265
484306
484352
484406
484455
484485
484537
484571
484606
484607
484643
484680
484683
484711
484712
484755
484800
484824
484872
484907
484909
484947
484986
485017
485018
485054
485090
485091
485153
485183
485184
485257
485258
485318
485375
485420
485468
485521
485545
485563
485610
485639
485640
485683
485733
485789
485824
485825
485858
485890
485914
485980
486016
486060
486093
486094
486095
486149
486184
486185
486242
486269
486316
486342
486343
486381
486424
486461
486518
486519
486575
486623
486640
486689
486690
486726
486762
486807
486859
486898
486929
486978
487020
487061
487086
487139
487186
487216
487260
487296
487327
487368
487418
487441
487469
487519
487566
487605
487659
487693
487733
487734
487775
487816
487841
487884
487936
488004
488005
488044
488088
488089
488138
488161
488214
488235
488272
488273
488316
488343
488367
488391
488439
488490
488491
488528
488529
488569
488642
488678
488748
488814
488815
488859
488907
488955
488981
489014
489062
489116
489117
489176
489208
489253
489285
489318
489355
489388
489472
489473
489515
489517
489553
489609
489610
489647
489685
489718
489748
489749
489791
489859
489901
489902
489946
489976
490018
490057
490094
490146
490186
490221
490263
490294
490347
490391
490434
490435
490481
490520
490573
490610
490656
490690
490691
490708
490746
490770
490816
490817
490849
490886
490914
490915
490960
490997
491057
491106
491153
491199
491221
491222
491281
491333
491371
491417
491481
491527
491528
491572
491595
491623
491664
491665
491724
491759
491800
491834
491865
491916
491940
491976
492038
492079
492147
492176
492212
492258
492289
492290
492343
492388
492434
492435
492466
492496
492552
492586
492587
492605
492644
492645
492673
492693
492694
492735
492810
492839
492903
492939
492965
493017
493073
493110
493149
493150
493198
493231
493232
493233
493275
493323
493364
493365
493415
493453
493488
493533
493534
493569
493595
493631
493671
493730
493775
493819
493820
493863
493864
493915
493958
493973
493999
494050
494051
494084
494123
494167
494205
494239
494278
494307
494343
494397
494446
494487
494520
494577
494578
494620
494653
494683
494714
494737
494787
494824
494863
494932
494933
494972
495014
495057
495058
495095
495124
495172
495218
495260
495306
495353
495393
495435
495472
495514
495537
495560
495578
495579
495622
495642
495682
495736
495737
495784
495785
495828
495856
495896
495923
495958
495990
496047
496073
496111
496171
496209
496242
496269
496310
496342
496376
496450
496484
496510
496550
496586
496605
496639
496675
496732
496758
496782
496835
496877
496904
496946
496990
497026
497072
497094
497123
497180
497220
497251
497300
497363
497396
497429
497463
497498
497499
497500
497535
497569
497570
497614
497615
497639
497694
497711
497751
497752
497792
497836
497858
497859
497921
497938
497963
497979
498000
498030
498060
498093
498130
498131
498169
498207
498266
498296
498297
498337
498373
498426
498427
498454
498488
498506
498550
498578
498579
498604
498605
498658
498700
498743
498763
498798
498821
498847
498898
498926
498979
498980
499005
499053
499082
499083
499108
499140
499185
499229
499273
499319
499354
499355
499399
499423
499458
499503
499527
499572
499604
499636
499695
499739
499763
499791
499825
499866
499915
499947
499971
500023
500068
500112
500135
500180
500215
500244
500245
500280
500281
500316
500346
500377
500419
500476
500490
500526
500541
500583
500602
500638
500668
500711
500754
500769
500796
500826
500856
500880
500915
500948
500982
500983
501006
501024
501025
501055
501078
501111
501158
501196
501197
501222
501256
501286
501318
501360
501361
501420
501458
501496
501522
501551
501587
501622
501660
501676
501701
501702
501738
501775
501806
501830
501866
501889
501919
501932
501959
501983
502011
502047
502062
502103
502129
502159
502191
502239
502277
502308
502342
502343
502356
502357
502375
502414
502463
502489
502514
502544
502562
502602
502639
502678
502679
502716
502717
502760
502796
502832
502865
502892
502908
502952
502985
503037
503065
503085
503086
503120
503149
503183
503231
503232
503259
503277
503307
503326
503364
503408
503447
503500
503555
503581
503582
503627
503665
503691
503730
503764
503765
503795
503815
503816
503852
503880
503924
503971
503999
504033
504034
504065
504066
504088
504119
504172
504219
504248
504294
504330
504367
504369
504423
504452
504511
504540
504556
504591
504628
504656
504682
504735
504764
504793
504815
504845
504869
504917
504965
504993
504994
505032
505063
505081
505104
505123
505124
505172
505224
505225
505268
505303
505340
505376
505422
505423
505463
505483
505509
505548
505584
505585
505618
505661
505697
505743
505773
505803
505834
505869
505870
505896
505922
505958
505992
506034
506057
506082
506130
506131
506159
506178
506212
506276
506316
506346
506413
506444
506461
506485
506510
506544
506584
506628
506645
506678
506691
506725
506738
506770
506802
506829
506853
506872
506873
506927
506955
506998
506999
507050
507090
507117
507161
507199
507245
507289
507329
507358
507359
507391
507435
507482
507507
507534
507579
507612
507654
507688
507724
507766
507787
507814
507859
507888
507911
507944
507969
508013
508055
508076
508122
508140
508207
508208
508253
508254
508293
508338
508367
508368
508397
508420
508455
508508
508549
508550
508598
508624
508657
508730
508731
508753
508784
508841
508881
508909
508963
508976
509009
509050
509080
509111
509147
509181
509202
509226
509228
509273
509274
509312
509342
509368
509415
509451
509475
509513
509555
509590
509617
509655
509694
509714
509743
509757
509794
509815
509868
509888
509918
509919
509940
509941
509974
510007
510008
510045
510082
510100
510143
510144
510171
510206
510241
510269
510294
510317
510338
510374
510375
510410
510469
510516
510551
510595
510639
510666
510692
510721
510737
510773
510801
510821
510847
510868
510901
510928
510974
511003
511048
511073
511098
511116
511139
511164
511185
511223
511253
511295
511344
511380
511412
511445
511479
511510
511553
511581
511608
511645
511673
511691
511717
511738
511779
511824
511852
511891
511915
511939
511962
511963
511999
512024
512074
512105
512146
512186
512225
512253
512256
512284
512321
512354
512390
512391
512419
512447
512448
512482
512483
512505
512524
512556
512584
512613
512644
512672
512698
512736
512773
512812
512836
512837
512878
512902
512930
512954
512980
513010
513043
513077
513113
513140
513180
513212
513242
513243
513273
513341
513371
513372
513387
513388
513426
513444
513478
513516
513517
513551
513578
513579
513614
513633
513659
513674
513692
513717
513752
513771
513806
513824
513875
513876
513897
513923
513950
513985
514023
514048
514049
514083
514098
514124
514153
514192
514218
514219
514242
514306
514330
514375
514394
514414
514444
514445
514473
514521
514559
514586
514620
514640
514687
514715
514737
514738
514770
514795
514813
514831
514869
514898
514931
514955
514979
515010
515063
515075
515101
515130
515161
515191
515216
515244
515273
515301
515327
515360
515379
515399
515429
515462
515498
515532
515568
515595
515596
515619
515642
515693
515718
515719
515739
515757
515800
515827
515870
515895
515897
515935
515964
515984
516010
516033
516034
516068
516097
516124
516150
516179
516180
516200
516218
516219
516251
516294
516327
516353
516375
516458
516459
516473
516474
516506
516507
516538
516539
516587
516603
516619
516649
516699
516719
516758
516788
516819
516840
516876
516907
516945
516969
516989
517025
517069
517092
517135
517175
517177
517218
517247
517279
517306
517349
517372
517399
517427
517456
517487
517509
517551
517590
517619
517654
517670
517694
517733
517766
517783
517814
517846
517874
517893
517928
517972
517973
517998
518037
518067
518091
518106
518144
518167
518197
518218
518247
518275
518289
518311
518322
518362
518363
518396
518432
518454
518476
518516
518544
518554
518592
518614
518642
518664
518684
518713
518744
518767
518785
518818
518851
518875
518911
518912
518948
518972
518984
519029
519054
519076
519144
519169
519192
519214
519247
519324
519339
519380
519407
519408
519430
519461
519488
519523
519552
519573
519596
519633
519650
519674
519696
519728
519754
519800
519824
519849
519873
519900
519928
519996
520023
520039
520076
520123
520142
520173
520174
520226
520255
520290
520316
520325
520351
520381
520401
520420
520443
520444
520463
520482
520504
520526
520527
520566
520589
520623
520659
520683
520697
520719
520732
520764
520800
520818
520819
520841
520865
520889
520911
520957
520958
520990
521016
521038
521058
521081
521114
521152
521185
521219
521258
521270
521286
521307
521331
521353
521379
521409
521445
521480
521504
521527
521566
521588
521610
521643
521660
521691
521720
521752
521792
521874
521902
521936
521966
521977
522005
522032
522069
522106
522136
522169
522186
522215
522242
522271
522295
522329
522353
522399
522429
522448
522493
522517
522569
522597
522624
522651
522667
522696
522709
522731
522772
522795
522827
522868
522895
522896
522926
522956
523006
523047
523068
523081
523096
523126
523137
523138
523162
523192
523232
523256
523301
523316
523357
523381
523415
523434
523473
523517
523542
523576
523593
523629
523661
523680
523702
523733
523766
523788
523803
523828
523854
523913
523943
523981
524005
524031
524080
524098
524110
524142
524152
524172
524193
524216
524235
524271
524294
524295
524306
524345
524361
524381
524409
524428
524472
524498
524517
524552
524579
524594
524650
524666
524687
524703
524721
524746
524769
524791
524814
524831
524859
524873
524892
524906
524938
524958
525008
525041
525042
525074
525102
525120
525146
525167
525184
525194
525240
525280
525318
525359
525380
525398
525417
525437
525465
525498
525527
525528
525563
525600
525624
525650
525664
525685
525698
525730
525765
525785
525820
525842
525860
525900
525922
525935
525946
525971
526001
526023
526024
526066
526108
526109
526140
526161
526191
526218
526246
526271
526289
526304
526329
526352
526379
526415
526440
526468
526491
526517
526527
526553
526569
526604
526634
526663
526686
526695
526716
526731
526748
526786
526871
526893
526917
526940
526960
526991
527015
527016
527033
527070
527095
527123
527143
527167
527191
527219
527260
527285
527286
527317
527343
527344
527381
527418
527419
527439
527460
527490
527521
527547
527569
527590
527625
527645
527670
527690
527729
527730
527747
527777
527799
527833
527846
527865
527882
527912
527951
527968
527978
528000
528021
528041
528068
528089
528090
528114
528138
528139
528153
528179
528207
528229
528230
528256
528270
528312
528340
528362
528373
528400
528409
528432
528467
528468
528496
528516
528543
528560
528591
528607
528626
528655
528673
528697
528713
528730
528749
528750
528768
528799
528818
528854
528868
528869
528882
528908
528918
528951
528974
528975
529013
529042
529079
529106
529135
529162
529175
529201
529236
529266
529284
529285
529311
529333
529359
529383
529399
529415
529441
529467
529490
529527
529528
529539
529540
529563
529584
529608
529638
529656
529681
529701
529718
529750
529751
529775
529805
529830
529854
529886
529921
529935
529964
529980
530006
530026
530027
530056
530065
530085
530103
530140
530173
530199
530237
530263
530280
530302
530317
530336
530356
530388
530436
530469
530480
530503
530504
530537
530552
530633
530652
530674
530675
530702
530717
530737
530758
530801
530818
530846
530876
530903
530934
530969
530989
531005
531026
531043
531066
531067
531096
531135
531157
531183
531194
531216
531243
531259
531294
531309
531343
531344
531370
531402
531425
531457
531484
531497
531517
531543
531569
531602
531619
531647
531680
531707
531708
531746
531774
531789
531801
531815
531863
531888
531918
531934
531960
531983
531992
532009
532031
532066
532083
532116
532127
532174
532182
532233
532281
532300
532323
532357
532376
532404
532423
532441
532479
532532
532544
532565
532577
532610
532649
532660
532673
532688
532721
532737
532758
532794
532810
532831
532832
532854
532860
532872
532889
532920
532937
532941
532976
532998
532999
533034
533046
533144
533164
533202
533240
533253
533267
533283
533320
533344
533365
533387
533410
533439
533469
533493
533503
533529
533541
533554
533555
533572
533573
533591
533613
533629
533657
533681
533692
533726
533765
533779
533814
533854
533886
533909
533925
533937
533946
533979
534007
534042
534078
534093
534107
534133
534154
534199
534230
534247
534292
534321
534344
534364
534371
534408
534429
534454
534474
534492
534534
534555
534572
534593
534615
534622
534642
534664
534683
534695
534709
534737
534764
534815
534843
534858
534887
534914
534915
534943
534971
534990
535025
535052
535077
535078
535110
535124
535140
535153
535179
535180
535207
535226
535258
535272
535295
535316
535340
535358
535385
535405
535433
535462
535473
535516
535535
535555
535585
535586
535616
535646
535665
535691
535692
535739
535764
535782
535804
535836
535865
535883
535912
535926
535959
535983
535999
536022
536027
536054
536071
536085
536120
536139
536160
536172
536185
536196
536212
536238
536269
536299
536310
536337
536369
536393
536413
536442
536484
536518
536544
536572
536587
536640
536646
536664
536677
536696
536737
536766
536775
536854
536872
536891
536908
536921
536964
536981
536996
537014
537046
537058
537074
537119
537153
537176
537205
537228
537238
537262
537279
537296
537333
537363
537389
537422
537445
537456
537470
537501
537512
537531
537555
537584
537612
537639
537711
537737
537754
537774
537791
537824
537837
537856
537883
537904
537920
537940
537956
537986
538003
538018
538040
538055
538084
538107
538141
538156
538157
538178
538188
538204
538220
538243
538270
538310
538328
538341
538361
538379
538403
538421
538438
538460
538486
538515
538522
538559
538576
538600
538625
538642
538658
538681
538688
538707
538739
538754
538773
538807
538818
538846
538865
538866
538902
538927
538945
538986
539001
539029
539073
539095
539123
539142
539156
539172
539198
539214
539229
539245
539249
539274
539275
539298
539307
539328
539344
539362
539363
539391
539408
539430
539442
539459
539479
539494
539526
539561
539583
539611
539622
539675
539699
539716
539742
539751
539777
539804
539823
539850
539869
539888
539904
539920
539940
539961
539992
540018
540044
540072
540107
540116
540131
540158
540184
540198
540220
540230
540244
540264
540281
540311
540346
540363
540395
540422
540435
540457
540469
540482
540511
540532
540537
540561
540575
540610
540637
540663
540688
540715
540733
540761
540778
540800
540812
540831
540856
540874
540897
540919
540939
540954
540981
541011
541024
541046
541065
541085
541108
541125
541148
541162
541195
541227
541228
541239
541268
541296
541322
541353
541380
541418
541471
541501
541520
541539
541559
541590
541613
541630
541699
541716
541746
541760
541773
541807
541822
541842
541862
541883
541906
541916
541934
541958
541969
541995
542021
542041
542065
542090
542107
542123
542140
542166
542197
542216
542242
542266
542296
542333
542366
542388
542396
542422
542440
542463
542478
542502
542530
542589
542590
542609
542631
542660
542677
542695
542719
542740
542750
542778
542801
542817
542837
542857
542892
542926
542946
542950
542978
542979
542986
543012
543025
543047
543062
543092
543116
543149
543178
543190
543200
543216
543240
543268
543289
543303
543324
543345
543368
543403
543435
543449
543468
543495
543519
543549
543583
543603
543619
543652
543686
543707
543730
543753
543769
543807
543829
543858
543870
543899
543921
543942
543958
543965
543984
543993
544010
544025
544044
544065
544079
544089
544116
544142
544170
544199
544222
544237
544257
544273
544307
544338
544364
544380
544403
544429
544450
544476
544501
544529
544540
544560
544576
544602
544619
544652
544665
544676
544700
544716
544727
544744
544766
544782
544795
544808
544824
544850
544869
544885
544915
544936
544951
544968
544997
545004
545023
545064
545098
545122
545140
545164
545178
545198
545217
545238
545264
545273
545286
545313
545334
545394
545419
545420
545443
545464
545493
545530
545553
545579
545596
545628
545655
545678
545692
545704
545718
545753
545768
545788
545799
545831
545859
545884
545895
545912
545943
545975
545999
546016
546047
546081
546107
546133
546152
546171
546189
546211
546233
546266
546284
546306
546326
546348
546369
546399
546414
546436
546456
546490
546501
546512
546528
546549
546597
546621
546632
546657
546672
546697
546720
546738
546764
546813
546837
546857
546867
546879
546894
546918
546932
546958
546970
546984
546998
547016
547038
547048
547064
547089
547096
547112
547134
547173
547193
547206
547215
547235
547258
547272
547302
547319
547338
547356
547380
547395
547434
547454
547469
547484
547511
547522
547552
547594
547612
547630
547665
547682
547710
547741
547753
547779
547801
547813
547821
547835
547856
547875
547892
547903
547923
547948
547962
547972
548018
548043
548061
548082
548104
548124
548141
548156
548165
548199
548225
548244
548253
548275
548293
548309
548334
548346
548362
548376
548392
548412
548460
548476
548492
548517
548543
548571
548592
548608
548622
548649
548674
548685
548703
548711
548724
548741
548755
548774
548793
548826
548842
548874
548890
548914
548945
548961
548982
549005
549034
549035
549048
549058
549089
549111
549127
549154
549172
549204
549222
549246
549259
549276
549295
549323
549349
549364
549388
549404
549426
549451
549472
549485
549509
549531
549549
549578
549585
549593
549619
549635
549648
549674
549698
549719
549767
549797
549807
549826
549842
549860
549870
549892
549916
549926
549942
549951
549982
549992
550003
550025
550045
550051
550077
550099
550126
550148
550169
550183
550191
550210
550222
550250
550270
550297
550316
550331
550365
550373
550388
550407
550427
550444
550471
550495
550506
550520
550544
550565
550576
550592
550612
550631
550651
550677
550682
550692
550719
550742
550773
550794
550806
550847
550861
550881
550907
550921
550951
550960
550994
551001
551018
551038
551055
551106
551114
551119
551138
551156
551177
551203
551215
551244
551267
551314
551338
551348
551368
551393
551421
551451
551464
551474
551497
551576
551605
551622
551643
551667
551682
551695
551711
551727
551741
551756
551775
551786
551817
551838
551847
551874
551882
551926
551934
551950
551976
551997
552016
552041
552064
552088
552101
552125
552138
552153
552175
552196
552215
552231
552260
552279
552295
552318
552334
552356
552357
552402
552461
552475
552509
552523
552544
552566
552580
552609
552637
552648
552681
552700
552716
552726
552741
552765
552787
552796
552821
552835
552854
552876
552894
552912
552922
552935
552944
552958
552978
552998
553019
553027
553039
553057
553102
553118
553140
553185
553209
553226
553243
553269
553281
553300
553315
553338
553358
553370
553432
553451
553471
553496
553523
553537
553549
553563
553591
553660
553678
553693
553714
553735
553764
553779
553797
553841
553852
553873
553888
553899
553918
553934
553948
553971
553983
554009
554019
554041
554064
554075
554091
554106
554118
554153
554168
554193
554206
554213
554231
554250
554265
554282
554303
554325
554339
554360
554377
554393
554403
554415
554428
554440
554452
554469
554479
554526
554535
554555
554576
554593
554614
554635
554691
554710
554730
554747
554772
554788
554803
554824
554834
554857
554868
554882
554896
554917
554928
554940
554946
554960
554974
555045
555053
555073
555094
555111
555131
555154
555175
555203
555220
555257
555275
555288
555309
555318
555343
555386
555412
555433
555465
555471
555483
555500
555523
555550
555565
555575
555587
555605
555621
555672
555686
555702
555729
555755
555777
555791
555817
555831
555844
555859
555869
555883
555898
555924
555945
555955
555956
555970
555985
556008
556015
556035
556052
556090
556105
556164
556182
556191
556199
556272
556314
556336
556346
556366
556380
556397
556414
556441
556452
556470
556475
556488
556513
556536
556550
556567
556585
556601
556619
556626
556645
556662
556696
556704
556741
556757
556766
556793
556806
556826
556846
556869
556889
556909
556925
556960
556986
557007
557032
557062
557079
557134
557142
557156
557166
557177
557219
557229
557258
557275
557293
557309
557320
557397
557410
557428
557437
557452
557465
557486
557503
557522
557535
557551
557572
557595
557635
557650
557661
557677
557698
557712
557719
557738
557755
557770
557779
557793
557811
557824
557842
557859
557892
557946
557957
557971
557985
558000
558016
558032
558052
558072
558093
558118
558131
558185
558195
558213
558226
558245
558255
558277
558297
558318
558332
558341
558356
558375
558402
558417
558430
558479
558492
558506
558526
558541
558566
558578
558584
558599
558612
558640
558660
558677
558693
558715
558735
558755
558774
558796
558819
558846
558869
558914
558924
558925
558945
558963
559000
559006
559026
559043
559063
559071
559093
559106
559114
559132
559144
559165
559170
559179
559199
559235
559245
559268
559288
559308
559320
559363
559379
559394
559402
559422
559432
559450
559471
559495
559514
559542
559544
559570
559585
559601
559624
559640
559658
559668
559723
559740
559754
559771
559811
559836
559854
559862
559878
559900
559924
559945
559965
559979
559994
560011
560039
560049
560069
560092
560114
560136
560146
560157
560218
560232
560248
560264
560280
560297
560302
560351
560352
560400
560426
560434
560446
560467
560487
560506
560524
560533
560551
560573
560591
560601
560618
560631
560651
560672
560677
560695
560704
560720
560729
560746
560773
560790
560805
560810
560818
560834
560846
560861
560862
560871
560884
560903
560930
560952
560967
560985
561005
561036
561050
561072
561096
561111
561132
561158
561173
561218
561232
561240
561268
561282
561300
561317
561372
561386
561426
561434
561450
561472
561486
561513
561527
561549
561561
561573
561581
561598
561612
561628
561646
561656
561676
561684
561696
561705
561721
561742
561758
561780
561808
561830
561839
561846
561871
561899
561921
561946
561958
561975
562002
562022
562029
562048
562059
562083
562105
562123
562136
562156
562182
562199
562212
562233
562242
562260
562282
562302
562368
562377
562426
562436
562476
562500
562516
562542
562564
562575
562587
562597
562608
562623
562641
562666
562683
562693
562718
562738
562751
562767
562780
562791
562804
562816
562862
562885
562898
562917
562962
562976
562982
562993
563012
563048
563066
563078
563109
563121
563138
563150
563180
563191
563204
563212
563229
563255
563270
563315
563327
563337
563352
563365
563377
563387
563406
563421
563437
563446
563464
563482
563496
563532
563571
563592
563636
563651
563690
563706
563714
563744
563759
563773
563784
563837
563883
563902
563919
563926
563943
563955
563984
564012
564028
564046
564056
564079
564089
564106
564124
564140
564180
564196
564207
564212
564236
564259
564277
564293
564305
564319
564336
564348
564370
564403
564417
564439
564449
564464
564475
564480
564499
564514
564530
564554
564567
564592
564618
564698
564716
564728
564744
564765
564795
564838
564856
564868
564891
564913
564921
564933
564950
564964
564990
564999
565007
565026
565039
565100
565109
565125
565134
565162
565190
565199
565213
565268
565295
565310
565330
565380
565390
565401
565405
565416
565430
565440
565451
565465
565485
565500
565516
565537
565561
565586
565596
565609
565619
565629
565640
565709
565718
565732
565741
565760
565802
565809
565816
565822
565843
565867
565897
565911
565924
565972
566012
566029
566050
566067
566102
566111
566155
566167
566183
566199
566221
566242
566254
566275
566297
566305
566323
566332
566340
566353
566373
566382
566396
566415
566435
566477
566486
566498
566513
566521
566532
566549
566585
566638
566651
566660
566677
566702
566724
566764
566781
566791
566817
566826
566865
566906
566917
566926
566943
566960
566982
567035
567041
567068
567079
567091
567107
567122
567145
567157
567165
567182
567198
567210
567232
567259
567289
567299
567315
567336
567358
567373
567402
567419
567431
567436
567483
567498
567517
567531
567553
567560
567572
567588
567603
567637
567656
567667
567683
567698
567711
567720
567732
567758
567774
567795
567813
567828
567848
567853
567883
567896
567910
567924
567937
567977
568026
568035
568052
568076
568099
568110
568126
568146
568155
568173
568193
568200
568207
568213
568238
568262
568283
568321
568335
568348
568388
568403
568419
568456
568475
568497
568508
568526
568537
568558
568575
568595
568612
568619
568645
568662
568673
568701
568729
568746
568758
568765
568791
568805
568822
568834
568846
568864
568873
568888
568899
568913
568930
568942
568954
568975
569021
569049
569060
569069
569085
569099
569111
569122
569158
569163
569177
569190
569205
569210
569227
569238
569254
569308
569325
569339
569346
569359
569376
569385
569397
569426
569447
569471
569488
569507
569557
569569
569581
569605
569623
569632
569644
569649
569677
569684
569698
569711
569733
569749
569760
569771
569792
569839
569864
569873
569916
569962
569973
569990
569998
570013
570036
570043
570047
570073
570092
570101
570114
570130
570138
570145
570166
570187
570207
570227
570246
570261
570283
570304
570310
570362
570369
570436
570452
570469
570487
570497
570512
570529
570541
570550
570595
570612
570625
570640
570653
570666
570698
570709
570720
570737
570742
570755
570769
570785
570826
570861
570872
570884
570895
570904
570923
570946
570961
570974
570989
571000
571011
571030
571046
571056
571067
571096
571111
571119
571132
571140
571152
571163
571183
571194
571208
571214
571224
571256
571281
571302
571315
571324
571346
571369
571408
571417
571433
571449
571458
571477
571514
571529
571538
571544
571600
571612
571625
571639
571668
571680
571694
571728
571740
571759
571781
571790
571799
571814
571835
571845
571866
571872
571900
571915
571934
571949
571968
571984
571993
572003
572038
572068
572088
572104
572113
572156
572166
572182
572190
572201
572215
572258
572268
572285
572293
572316
572324
572345
572373
572437
572448
572467
572477
572487
572509
572527
572537
572556
572567
572581
572590
572611
572637
572661
572684
572701
572730
572743
572774
572791
572806
572817
572831
572872
572891
572906
572914
572923
572938
572955
572973
572985
572996
573013
573022
573031
573039
573056
573072
573073
573090
573094
573102
573108
573145
573159
573168
573183
573214
573247
573261
573285
573315
573326
573357
573381
573387
573403
573410
573432
573448
573467
573480
573498
573530
573543
573558
573573
573589
573593
573607
573615
573676
573684
573688
573699
573713
573727
573763
573780
573795
573817
573827
573836
573848
573862
573873
573898
573914
573953
574012
574027
574039
574061
574075
574113
574125
574139
574171
574178
574213
574219
574232
574262
574270
574278
574314
574321
574331
574352
574384
574397
574409
574445
574455
574462
574496
574509
574525
574535
574546
574577
574588
574601
574614
574660
574674
574695
574708
574724
574749
574766
574781
574801
574819
574835
574847
574856
574887
574907
574925
574930
574944
574964
574978
574990
575007
575019
575026
575044
575060
575073
575096
575111
575125
575140
575154
575166
575215
575233
575252
575294
575303
575340
575361
575395
575408
575448
575485
575498
575515
575536
575546
575557
575567
575572
575582
575598
575630
575641
575651
575665
575679
575689
575711
575740
575749
575794
575824
575837
575859
575925
575937
575965
575978
575995
576005
576014
576040
576064
576076
576098
576114
576122
576143
576158
576165
576183
576192
576203
576221
576231
576285
576305
576326
576335
576354
576366
576380
576391
576405
576409
576421
576450
576469
576484
576486
576497
576513
576532
576549
576572
576581
576629
576638
576647
576661
576674
576682
576688
576696
576733
576778
576788
576805
576812
576825
576846
576857
576867
576884
576895
576909
576921
576972
576997
577009
577044
577061
577074
577090
577154
577190
577250
577262
577278
577297
577341
577353
577365
577404
577422
577428
577440
577457
577472
577500
577518
577529
577577
577587
577600
577609
577617
577623
577634
577672
577684
577701
577710
577727
577732
577741
577770
577776
577785
577803
577813
577870
577912
577923
577945
577977
577988
577998
578013
578021
578032
578046
578066
578091
578113
578128
578143
578157
578170
578186
578194
578201
578222
578256
578277
578292
578312
578332
578369
578385
578394
578436
578448
578458
578472
578516
578551
578608
578618
578628
578635
578648
578661
578688
578723
578734
578741
578750
578764
578779
578834
578841
578858
578889
578902
578930
578937
578963
578988
579015
579030
579043
579049
579061
579071
579093
579100
579112
579124
579131
579142
579153
579203
579237
579243
579258
579261
579284
579298
579318
579332
579350
579354
579366
579375
579383
579392
579408
579417
579433
579447
579470
579480
579526
579541
579561
579590
579603
579625
579636
579664
579670
579699
579709
579727
579756
579761
579820
579840
579864
579889
579904
579912
579917
579925
579933
579954
579970
579979
579994
580011
580020
580030
580036
580050
580088
580101
580163
580172
580187
580193
580224
580258
580268
580282
580306
580324
580329
580354
580383
580413
580427
580434
580458
580492
580502
580509
580532
580553
580564
580591
580598
580614
580625
580696
580722
580743
580768
580784
580803
580808
580818
580827
580836
580840
580854
580884
580911
580938
580945
580964
580972
580983
580996
581022
581078
581107
581125
581138
581142
581154
581167
581175
581183
581186
581203
581233
581247
581259
581275
581300
581311
581316
581338
581358
581372
581388
581407
581420
581431
581441
581484
581492
581507
581535
581634
581654
581666
581680
581687
581707
581740
581766
581781
581799
581804
581857
581864
581874
581878
581922
581953
581959
582030
582038
582084
582105
582112
582135
582147
582172
582184
582194
582200
582222
582231
582239
582259
582271
582281
582297
582310
582318
582356
582372
582403
582477
582503
582511
582540
582547
582561
582612
582627
582636
582657
582688
582705
582721
582733
582747
582780
582822
582883
582896
582905
582933
582945
582978
582988
582994
583027
583046
583054
583062
583079
583091
583108
583119
583133
583167
583173
583190
583219
583234
583258
583272
583278
583295
583323
583339
583343
583358
583375
583388
583398
583405
583416
583437
583452
583471
583545
583567
583583
583623
583630
583638
583673
583693
583727
583739
583759
583796
583810
583823
583867
583889
583899
583917
583924
583939
583958
583964
584004
584013
584025
584048
584086
584112
584120
584134
584162
584168
584178
584198
584210
584227
584305
584312
584327
584335
584364
584371
584387
584398
584410
584423
584427
584440
584452
584464
584473
584482
584494
584507
584514
584531
584543
584575
584586
584592
584597
584610
584626
584681
584692
584704
584712
584729
584751
584780
584795
584820
584829
584855
584870
584961
584967
584991
585020
585026
585046
585058
585063
585076
585085
585123
585131
585141
585143
585152
585183
585190
585194
585203
585227
585260
585278
585305
585314
585326
585335
585341
585363
585379
585394
585440
585454
585487
585497
585506
585528
585539
585572
585585
585597
585607
585617
585627
585658
585699
585713
585721
585757
585771
585780
585812
585830
585837
585851
585865
585876
585883
585921
585939
585951
585971
585987
586006
586014
586019
586084
586107
586131
586141
586189
586213
586224
586233
586268
586284
586292
586342
586351
586363
586381
586388
586395
586406
586416
586424
586451
586506
586540
586549
586556
586573
586608
586639
586703
586722
586731
586738
586744
586768
586791
586829
586855
586859
586876
586884
586894
586912
586934
586944
586964
586974
587000
587017
587025
587037
587044
587050
587096
587127
587144
587152
587186
587195
587208
587213
587220
587250
587258
587285
587289
587314
587324
587333
587343
587365
587371
587419
587431
587490
587500
587506
587517
587562
587577
587593
587607
587689
587716
587752
587773
587788
587798
587819
587862
587890
587910
587916
587924
588030
588036
588054
588068
588117
588124
588147
588160
588165
588175
588187
588197
588209
588214
588222
588230
588291
588296
588304
588308
588314
588321
588332
588382
588399
588408
588440
588443
588448
588463
588496
588500
588511
588517
588550
588562
588575
588620
588645
588662
588667
588676
588688
588710
588723
588744
588802
588833
588864
588889
588898
588930
588951
589001
589011
589023
589032
589048
589060
589068
589083
589115
589128
589148
589170
589180
589237
589241
589252
589304
589318
589331
589406
589413
589445
589458
589470
589528
589531
589571
589584
589616
589622
589634
589649
589655
589670
589677
589690
589706
589737
589741
589754
589755
589763
589770
589797
589972
589996
590006
590026
590079
590091
590101
590109
590132
590140
590150
590154
590168
590175
590184
590210
590228
590246
590279
590290
590319
590353
590375
590407
590416
590425
590451
590466
590486
590495
590505
590516
590553
590561
590662
590706
590730
590760
590774
590785
590806
590827
590839
590864
590872
590879
590901
590940
590950
590976
591013
591020
591036
591051
591102
591109
591116
591128
591136
591146
591202
591229
591256
591272
591279
591287
591296
591316
591340
591377
591404
591432
591453
591497
591508
591550
591563
591592
591613
591657
591675
591683
591711
591724
591732
591746
591769
591779
591793
591831
591866
591912
591962
591970
592000
592013
592021
592122
592151
592186
592222
592232
592255
592262
592274
592292
592308
592311
592322
592356
592365
592377
592389
592447
592459
592471
592485
592496
592511
592534
592555
592597
592607
592622
592666
592699
592715
592728
592738
592772
592784
592802
592836
592862
592873
592889
592900
592903
592936
592944
592951
592958
592971
592983
592986
592994
593039
593057
593079
593092
593137
593144
593156
593170
593233
593256
593273
593324
593359
593365
593391
593409
593469
593484
593488
593508
593517
593534
593542
593614
593645
593682
593693
593707
593738
593765
593770
593773
593804
593819
593853
593889
593901
594058
594068
594098
594119
594126
594137
594144
594175
594182
594191
594202
594241
594302
594311
594329
594343
594351
594365
594418
594482
594547
594555
594563
594571
594579
594610
594649
594655
594699
594718
594727
594739
594759
594769
594835
594855
594859
594873
594910
594923
594948
594993
595003
595019
595062
595094
595106
595133
595190
595228
595253
595337
595348
595377
595385
595395
595409
595421
595436
595441
595482
595500
595532
595583
595586
595618
595629
595666
595713
595749
595768
595778
595788
595802
595813
595870
595876
595886
595903
595908
595929
595942
595992
596005
596013
596019
596026
596097
596161
596189
596223
596229
596234
596266
596287
596312
596338
596352
596357
596366
596374
596401
596416
596448
596495
596551
596594
596633
596638
596658
596677
596685
596687
596759
596767
596805
596816
596835
596866
596887
596935
596953
596974
596983
597016
597022
597055
597067
597080
597092
597096
597129
597141
597158
597182
597205
597214
597257
597278
597288
597291
597300
597343
597350
597361
597370
597394
597464
597472
597484
597521
597561
597578
597608
597618
597633
597648
597712
597716
597746
597762
597767
597773
597829
597927
597995
598006
598013
598036
598048
598053
598077
598085
598097
598114
598137
598150
598219
598274
598278
598285
598291
598318
598339
598361
598371
598396
598400
598411
598468
598483
598514
598555
598586
598598
598613
598622
598628
598802
598813
598829
598876
598901
598909
598956
599002
599014
599020
599027
599064
599084
599090
599109
599125
599141
599147
599154
599162
599190
599206
599213
599239
599277
599304
599386
599504
599512
599523
599529
599545
599586
599603
599640
599685
599729
599752
599763
599810
599829
599906
600086
600092
600104
600125
600130
600148
600188
600194
600222
600249
600253
600274
600281
600336
600344
600359
600364
600400
600422
600449
600548
600553
600560
600587
600605
600645
600657
600701
600785
600789
600794
600853
600893
600899
600912
600930
600952
600981
601020
601031
601037
601111
601188
601193
601217
601251
601265
601286
601294
601319
601336
601420
601428
601439
601447
601491
601494
601589
601593
601618
601625
601658
601667
601682
601695
601711
601730
601757
601798
601830
601889
601898
602007
602016
602026
602053
602079
602128
602145
602156
602192
602213
602219
602224
602236
602282
602340
602380
602411
602528
602568
602577
602579
602645
602684
602716
602735
602757
602794
602850
602861
602872
602893
602916
602929
602977
603010
603048
603055
603138
603145
603149
603208
603216
603221
603243
603252
603262
603281
603310
603319
603333
603345
603352
603396
603401
603428
603436
603465
603486
603525
603551
603590
603599
603655
603668
603691
603739
603824
603879
603900
603919
603936
603941
604063
604083
604155
604189
604251
604276
604283
604300
604338
604346
604361
604383
604464
604490
604528
604541
604558
604603
604618
604685
604704
604712
604798
604869
604876
604972
604999
605207
605431
605436
605487
605512
605521
605528
605553
605557
605608
605620
605641
605692
605778
605835
605841
605846
605849
605899
605903
605950
605957
605960
605994
606038
606098
606117
606160
606164
606202
606211
606235
606245
606337
606390
606401
606420
606439
606442
606529
606535
606609
606689
606758
606780
606789
606795
606886
606903
606925
607067
607103
607161
607239
607264
607284
607316
607324
607376
607378
607411
607424
607550
607578
607659
607682
607689
607735
607740
607766
607856
607864
607906
607927
607982
608002
608029
608156
608161
608175
608227
608235
608254
608276
608387
608443
608479
608516
608569
608597
608609
608729
608736
608739
608980
608987
609024
609041
609048
609051
609071
609098
609290
609332
609372
609586
609628
609637
609708
609718
609743
609757
609836
609936
609959
610028
610087
610153
610185
610262
610272
610365
610367
610485
610504
610530
610578
610584
610617
610709
610768
610814
610940
610962
610975
611034
611041
611057
611099
611169
611277
611309
611321
611346
611349
611411
611509
611526
611555
611699
611712
611738
611771
611796
611919
611977
612024
612096
612151
612256
612271
612327
612370
612397
612414
612418
612437
612526
612530
612680
612688
612695
612718
612726
612895
612917
612943
612961
613016
613057
613065
613071
613077
613157
613179
613206
613213
613220
613401
613443
613459
613469
613501
613556
613629
613671
613798
613818
613836
613909
613974
614059
614090
614107
614161
614260
614285
614331
614352
614382
614421
614487
614571
614622
614625
614630
614644
614668
614765
614798
614812
614832
614908
614933
614982
615001
615006
615076
615082
615128
615173
615277
615288
615370
615433
615719
615752
615757
615806
615937
615951
616127
616189
616237
616337
616343
616350
616394
616399
616405
616437
616517
616559
616598
616689
616757
616764
616781
616971
617064
617092
617150
617212
617215
617282
617356
617463
617515
617623
617647
617658
617676
617720
617910
617967
618098
618103
618485
618486
618528
618545
618605
618669
618672
618747
618778
618794
618853
618961
619063
619272
619298
619326
619414
619449
619473
619475
619512
619565
619567
619571
619619
619695
619929
619959
619976
619984
620045
620086
620122
620132
620141
620209
620330
620623
620628
620680
620840
620861
620995
621035
621174
621186
621195
621287
621390
621519
621739
621740
621747
621751
621922
622052
622145
622387
622392
622499
622524
622651
622662
622706
622980
622984
623298
623301
623337
623499
623593
623695
623826
623849
623892
623916
623995
624487
624544
624565
624586
624731
624741
624822
624841
624853
625251
625364
625670
625730
625744
625769
625771
625874
626061
626173
626348
626355
626366
626370
626379
626389
626868
626964
627110
627248
627272
627591
627903
628219
628246
628632
628677
628803
629599
629818
629894
630539
630584
630588
630922
631014
631051
631258
631342
631395
631440
631847
631879
631940
631949
631957
631962
631985
632043
632046
632052
632772
633193
633294
633729
633958
634190
634206
634245
634268
634704
634821
634873
635003
635075
635219
635263
635319
635499
635853
635896
636609
636667
636954
636998
637307
637338
637658
637785
637874
638100
638762
639112
639508
640309
640331
640862
641248
641290
641344
641996
642713
642924
643510
643643
643817
643879
643927
644511
644851
644856
645491
645500
645767
645938
646435
646918
646993
647564
647925
648947
649580
649999
650385
650747
651462
652180
652402
652513
652561
652660
652895
653230
654668
655250
655695
655702
656727
656824
657323
657532
658265
659000
660974
662429
663013
666286
666390
667740
668435
669654
669972
670365
672821
673020
673664
674106
675890
678531
680539
684046
684076
684454
711215
718136
733682
