0
1
2
3
4
5
6
7
8
9
10
11
12
13
14
15
16
17
18
19
20
21
22
23
24
25
26
27
28
29
30
31
32
33
34
35
36
37
38
39
40
41
42
43
44
45
46
47
48
49
50
51
52
53
54
55
56
57
58
59
60
61
62
63
64
65
66
67
68
69
70
71
72
73
74
75
76
77
78
79
80
81
82
83
84
85
86
87
88
89
90
91
92
93
94
95
96
97
98
99
100
101
102
103
104
105
106
107
108
109
110
111
112
113
114
117
118
120
121
123
124
127
128
129
130
131
132
133
134
135
137
138
141
143
144
145
146
147
149
150
152
153
155
156
157
158
159
160
161
162
164
165
167
173
177
178
179
181
186
188
189
192
194
196
200
202
206
208
215
216
221
224
231
238
241
242
243
244
246
247
254
255
260
265
267
274
281
288
292
298
304
308
317
322
327
17185
17186
17187
17188
17189
17190
17191
17192
17193
17194
17195
17196
17197
17198
17199
17200
17201
17202
17203
17204
17205
17206
17207
17208
17209
17210
17211
17212
17213
17214
17215
17216
17217
17218
17219
17220
17221
17222
17223
17224
17225
17226
17227
17228
17229
17230
17231
17232
17233
17234
17235
17236
17237
17238
17239
17240
17241
17242
17243
17244
17245
17246
17247
17248
17249
17250
17251
17252
17253
17254
17255
17256
17257
17258
17260
17261
17262
17263
17265
17266
17267
17268
17269
17270
17271
17272
17273
17274
17275
17276
17277
17281
17283
17284
17286
17291
17293
17294
17296
17297
17301
17303
17304
17307
17310
17311
17316
17317
17318
17321
17324
17326
17327
17328
17331
17333
17336
17339
17346
17349
17350
17351
17352
17354
17355
17358
17362
17376
17378
17382
17383
17397
17407
17408
17422
17427
17431
17436
31342
31343
31344
31345
31346
31347
31348
31349
31350
31351
31352
31353
31354
31355
31356
31357
31358
31359
31360
31361
31362
31363
31364
31365
31366
31367
31368
31369
31370
31371
31372
31373
31374
31375
31376
31377
31378
31379
31380
31381
31382
31383
31384
31385
31386
31387
31388
31389
31390
31391
31392
31393
31394
31396
31397
31398
31399
31400
31401
31402
31403
31404
31405
31406
31407
31408
31409
31410
31412
31414
31415
31417
31418
31420
31421
31422
31423
31425
31426
31427
31428
31429
31430
31431
31433
31435
31439
31441
31442
31444
31450
31452
31453
31454
31455
31456
31457
31458
31460
31461
31463
31464
31466
31473
31476
31481
31485
31490
31491
31499
31501
31505
31510
31514
31516
31519
31523
31524
31530
31531
31533
31535
31540
31561
31562
41582
41583
41584
41585
41586
41587
41588
41589
41590
41591
41592
41593
41594
41595
41596
41597
41598
41599
41600
41601
41602
41603
41604
41605
41606
41607
41608
41609
41610
41611
41612
41613
41614
41615
41616
41617
41618
41619
41620
41621
41622
41623
41624
41625
41626
41627
41628
41629
41630
41631
41632
41633
41634
41635
41636
41637
41638
41639
41640
41641
41642
41643
41644
41645
41646
41648
41649
41650
41651
41652
41653
41654
41655
41656
41657
41658
41659
41660
41663
41664
41665
41666
41668
41669
41672
41673
41674
41675
41676
41677
41678
41681
41683
41684
41686
41687
41688
41691
41692
41693
41695
41696
41698
41701
41702
41705
41707
41708
41712
41715
41718
41720
41721
41726
41729
41735
41737
41740
41743
41745
41747
41752
41753
41755
41756
41757
41766
41771
41774
41780
41796
41798
41802
52618
52619
52620
52621
52622
52623
52624
52625
52626
52627
52628
52629
52630
52631
52632
52633
52634
52635
52636
52637
52638
52639
52640
52641
52642
52643
52644
52645
52646
52647
52648
52649
52650
52651
52652
52653
52654
52655
52656
52657
52659
52660
52661
52662
52663
52664
52665
52666
52667
52668
52669
52670
52671
52672
52673
52675
52676
52677
52678
52679
52680
52681
52684
52686
52687
52689
52690
52692
52693
52694
52695
52696
52698
52701
52702
52704
52705
52717
52718
52769
60731
60732
60733
60734
60735
60736
60737
60738
60739
60740
60741
60742
60743
60744
60745
60746
60747
60748
60749
60750
60751
60752
60753
60754
60755
60756
60757
60758
60759
60760
60761
60762
60763
60764
60765
60766
60767
60768
60769
60770
60771
60772
60773
60774
60775
60776
60777
60778
60779
60780
60781
60782
60783
60784
60785
60786
60789
60790
60792
60794
60795
60798
60799
60801
60803
60805
60808
60818
60819
60820
60822
60823
60825
60829
60841
60843
60845
60847
60855
60861
60883
60893
69507
69508
69509
69510
69511
69512
69513
69514
69515
69516
69517
69518
69519
69520
69521
69522
69523
69524
69525
69526
69527
69528
69529
69530
69531
69532
69533
69534
69535
69536
69537
69538
69539
69540
69541
69542
69543
69544
69545
69546
69547
69548
69549
69551
69552
69553
69554
69555
69556
69557
69558
69559
69560
69561
69562
69563
69564
69566
69568
69569
69571
69572
69574
69576
69577
69578
69580
69581
69582
69583
69584
69586
69587
69588
69589
69590
69592
69593
69597
69598
69601
69602
69604
69605
69611
69612
69614
69616
69639
69641
69642
76086
76087
76088
76089
76090
76091
76092
76093
76094
76095
76096
76097
76098
76099
76100
76101
76102
76103
76104
76105
76106
76107
76108
76109
76110
76111
76112
76113
76114
76115
76116
76117
76118
76119
76120
76121
76122
76123
76124
76125
76126
76127
76128
76129
76130
76131
76132
76133
76136
76137
76138
76139
76140
76142
76143
76144
76145
76146
76147
76149
76151
76152
76153
76157
76158
76159
76161
76164
76165
76169
76172
76175
76177
76181
76186
76189
76193
76194
76195
76197
76199
76200
76201
76202
76209
76214
76216
76217
76219
76223
76231
76235
76237
76238
76252
83280
83281
83282
83283
83284
83285
83286
83287
83288
83289
83290
83291
83292
83293
83294
83295
83296
83297
83298
83299
83300
83301
83302
83303
83304
83305
83306
83307
83308
83309
83310
83311
83312
83313
83314
83315
83316
83317
83318
83320
83321
83322
83323
83324
83325
83326
83327
83329
83330
83331
83332
83333
83336
83337
83338
83340
83342
83344
83346
83351
83353
83355
83356
83359
83367
83375
83386
88663
88664
88665
88666
88667
88668
88669
88670
88671
88672
88673
88674
88675
88676
88677
88678
88679
88680
88681
88682
88683
88684
88685
88686
88687
88688
88689
88690
88691
88692
88693
88694
88695
88696
88697
88698
88699
88700
88701
88702
88703
88704
88705
88706
88707
88709
88710
88711
88712
88713
88714
88715
88716
88717
88718
88720
88721
88722
88723
88726
88727
88728
88729
88731
88732
88733
88734
88735
88736
88738
88741
88743
88746
88747
88748
88750
88756
88757
88758
88759
88764
88766
88767
88770
88771
88772
88774
88775
88779
88785
88791
88796
88802
96500
96501
96502
96503
96504
96505
96506
96507
96508
96509
96510
96511
96512
96513
96514
96515
96516
96517
96518
96519
96520
96521
96522
96523
96524
96525
96526
96527
96528
96529
96530
96531
96532
96533
96534
96535
96536
96537
96538
96539
96541
96542
96543
96546
96547
96548
96549
96550
96551
96552
96553
96555
96556
96558
96559
96564
96568
96570
96584
96587
96588
96596
96603
96608
102683
102684
102685
102686
102687
102688
102689
102690
102691
102692
102693
102694
102695
102696
102697
102698
102699
102700
102701
102702
102703
102704
102705
102706
102707
102708
102709
102710
102711
102713
102714
102715
102716
102717
102718
102719
102720
102721
102723
102724
102726
102729
102731
102734
102735
102737
102740
102741
102743
102744
102748
102753
102754
102757
102759
102765
102766
102767
102771
102777
102782
102794
108012
108013
108014
108015
108016
108017
108018
108019
108020
108021
108022
108023
108024
108025
108026
108027
108028
108029
108030
108031
108032
108033
108034
108035
108036
108037
108038
108039
108040
108041
108042
108043
108044
108045
108046
108047
108048
108050
108051
108053
108054
108056
108059
108060
108061
108065
108068
108073
108075
108082
108088
108099
108115
108117
108125
114388
114389
114390
114391
114392
114393
114394
114395
114396
114397
114398
114399
114400
114401
114402
114403
114404
114405
114406
114407
114408
114409
114410
114411
114413
114415
114416
114417
114418
114419
114420
114421
114424
114425
114426
114429
114433
114434
114436
114437
114438
114439
114443
114451
114452
114457
114459
114462
114471
114475
118679
118680
118681
118682
118683
118684
118685
118686
118687
118688
118689
118690
118691
118692
118694
118695
118696
118697
118698
118700
118701
118702
118703
118704
118705
118709
118710
118715
118716
118719
118720
118723
118724
118725
118737
118738
121863
121864
121865
121866
121867
121868
121869
121870
121871
121872
121873
121874
121875
121876
121877
121878
121879
121880
121881
121882
121883
121884
121885
121886
121887
121888
121892
121893
121894
121895
121896
121899
121902
121904
121907
121912
121914
121915
121920
121929
125027
125028
125029
125030
125031
125032
125033
125034
125035
125036
125037
125038
125039
125040
125041
125042
125043
125044
125045
125046
125047
125048
125049
125050
125051
125052
125053
125054
125055
125057
125059
125060
125066
125067
125071
125072
125078
125081
125086
125092
125098
125102
125105
125110
125112
125115
128393
128394
128395
128396
128397
128398
128399
128400
128401
128402
128403
128404
128405
128406
128407
128408
128409
128410
128411
128412
128413
128416
128418
128419
128420
128421
128422
128424
128430
128435
128442
128447
128452
131047
131048
131049
131050
131051
131052
131053
131054
131055
131056
131057
131058
131059
131060
131061
131062
131063
131064
131065
131066
131067
131068
131069
131071
131073
131074
131082
131083
131085
131097
131117
134847
134848
134849
134850
134851
134852
134853
134854
134855
134856
134857
134858
134859
134860
134861
134862
134863
134864
134865
134866
134867
134868
134869
134870
134871
134872
134873
134874
134875
134876
134877
134880
134881
134882
134883
134884
134885
134886
134887
134888
134889
134891
134892
134893
134895
134897
134899
134904
134905
134906
134910
134921
134925
134931
137885
137886
137887
137888
137889
137890
137891
137892
137893
137894
137895
137896
137897
137898
137899
137900
137901
137902
137903
137904
137905
137906
137907
137908
137909
137910
137911
137912
137913
137915
137916
137917
137918
137919
137920
137921
137928
137932
137948
137950
140721
140722
140723
140724
140725
140726
140727
140728
140729
140730
140731
140732
140733
140735
140736
140737
140738
140739
140740
140742
140745
140746
140750
140752
140753
140755
140759
140761
140764
140767
140769
140771
140775
143884
143885
143886
143887
143888
143889
143890
143891
143892
143893
143894
143895
143896
143897
143898
143901
143902
143903
143904
143905
143906
143908
143909
143910
143911
143914
143916
143917
143920
143922
143924
143925
143928
143929
143931
143934
143938
143939
143940
143941
146176
146177
146178
146179
146180
146181
146182
146183
146184
146185
146186
146187
146188
146189
146190
146191
146192
146193
146194
146195
146196
146197
146198
146199
146200
146202
146203
146205
146206
146208
146211
146213
146214
146215
146219
146223
146236
149169
149170
149171
149172
149173
149174
149175
149176
149177
149178
149179
149180
149181
149182
149183
149184
149186
149187
149189
149190
149191
149194
149196
149197
149199
149200
149201
149202
149203
149204
149207
149209
149212
149223
152031
152032
152033
152034
152035
152036
152037
152038
152039
152040
152041
152042
152043
152044
152045
152046
152047
152048
152049
152050
152051
152052
152054
152055
152056
152057
152058
152059
152060
152061
152062
152063
152065
152068
152071
152073
154493
154494
154495
154496
154497
154498
154499
154500
154501
154502
154503
154504
154505
154506
154507
154510
154511
154513
154516
154517
154519
154522
154524
156809
156810
156811
156812
156813
156814
156815
156816
156817
156818
156819
156820
156821
156822
156823
156824
156825
156827
156828
156830
156831
156832
156838
156841
158847
158848
158849
158850
158851
158852
158853
158854
158855
158857
158858
158859
158861
158862
158863
158864
158865
158866
158868
158869
158870
158871
158872
158873
158876
158877
158879
158883
158887
158888
158890
158898
161162
161163
161164
161165
161166
161167
161168
161169
161170
161171
161172
161173
161174
161175
161176
161177
161178
161179
161180
161181
161182
161183
161184
161185
161187
161191
161197
161201
161209
161214
161215
161222
163675
163676
163677
163678
163679
163680
163681
163682
163683
163684
163685
163687
163688
163689
163690
163691
163692
163694
163695
163696
163701
163702
163705
163713
165727
165728
165729
165730
165731
165732
165733
165734
165735
165736
165737
165738
165739
165740
165741
165742
165743
165744
165745
165746
165747
165754
165756
165757
165761
165763
165767
165769
168390
168391
168392
168393
168394
168396
168397
168398
168399
168400
168401
168403
168404
168406
168407
168408
168409
168410
168413
168416
168417
168418
168423
168426
168429
168431
168432
168434
168436
168439
170540
170541
170542
170543
170544
170545
170546
170547
170548
170549
170550
170551
170552
170553
170554
170555
170556
170557
170559
170560
170561
170570
170573
170576
170581
172649
172650
172651
172652
172653
172654
172655
172656
172657
172658
172659
172660
172661
172662
172663
172664
172665
172666
172668
172669
172673
172694
172699
175238
175239
175240
175241
175242
175243
175244
175245
175246
175247
175248
175249
175250
175251
175252
175253
175254
175255
175256
175257
175259
175265
175266
175270
175278
175280
177719
177720
177721
177722
177723
177724
177725
177726
177727
177728
177729
177730
177731
177732
177734
177735
177736
177737
177739
177741
177742
177743
177746
177747
177751
177759
177762
177770
179886
179887
179888
179889
179890
179891
179892
179893
179894
179895
179896
179897
179898
179899
179900
179901
179902
179903
179905
179907
179908
179910
179911
179914
179916
179917
179919
179923
179929
181983
181984
181985
181986
181987
181988
181989
181990
181991
181992
181993
181994
181995
181996
181997
181998
181999
182001
182003
182005
182006
182018
182022
184828
184829
184830
184831
184832
184833
184834
184835
184836
184837
184838
184839
184840
184841
184842
184843
184844
184845
184846
184848
184849
184850
184852
184853
184858
184870
186927
186928
186929
186930
186931
186932
186933
186934
186935
186936
186937
186938
186939
186940
186944
186946
186949
186951
186952
186956
186959
186961
188859
188860
188861
188862
188863
188864
188865
188866
188867
188868
188869
188870
188871
188872
188873
188874
188875
188876
188877
188878
188880
188882
188883
188884
188889
188892
191079
191080
191081
191082
191083
191084
191085
191086
191087
191088
191089
191090
191092
191095
191096
191097
191098
191099
191103
191105
191107
191109
191112
191114
192898
192899
192900
192901
192902
192903
192904
192905
192906
192907
192908
192909
192910
192911
192912
192913
192914
192915
192918
192920
192925
192932
192933
194946
194947
194948
194949
194950
194951
194952
194953
194954
194955
194956
194957
194958
194959
194970
194975
194976
194984
194986
194991
197108
197109
197110
197111
197112
197113
197114
197115
197116
197117
197118
197119
197120
197121
197122
197123
197124
197125
197127
197135
197138
197140
197143
197144
197149
197150
199321
199322
199323
199324
199325
199326
199327
199333
199335
199339
199340
199341
200803
200804
200805
200806
200807
200808
200809
200810
200811
200812
200813
200814
200816
200818
200819
200821
200822
200824
200840
202634
202635
202636
202637
202638
202639
202640
202641
202642
202643
202644
202646
202647
202648
202650
202651
202652
202653
202654
202656
202658
202661
202666
204234
204235
204236
204237
204238
204239
204240
204241
204242
204243
204244
204245
204248
204250
204251
204252
204254
204255
204263
206226
206227
206228
206229
206230
206232
207473
207474
207475
207476
207477
207478
207479
207480
207481
207484
207487
207488
207489
208781
208782
208783
208784
208785
208786
208787
208788
208789
208797
208798
208800
208803
210763
210764
210765
210766
210767
210768
210769
210770
210771
210772
210773
210775
210779
210780
210783
210786
210788
210792
210798
212836
212837
212838
212839
212840
212841
212842
212843
212844
212846
212847
212848
212849
212850
212851
212855
212857
212859
214452
214453
214454
214455
214456
214457
214458
214459
214460
214461
214462
214463
214464
214465
214468
214470
214474
214483
216016
216017
216018
216019
216020
216021
216023
216024
216025
216026
216027
216031
216033
216035
216040
217485
217486
217487
217488
217489
217490
217492
217493
217495
219032
219033
219034
219035
219036
219037
219038
219040
219041
219042
219043
219044
219045
219048
219050
219052
219064
220557
220558
220559
220560
220561
220562
220563
220564
220565
220566
220567
220568
220569
220570
220571
220572
220574
220578
220579
220580
220583
220587
220592
220595
222267
222268
222269
222270
222271
222272
222273
222274
222275
222276
222277
222278
222279
222280
222281
222282
222283
222284
222285
222287
222288
222291
222292
222295
222297
222299
222304
223896
223897
223898
223899
223900
223901
223902
223903
223904
223905
223906
223907
223908
223911
223912
223917
223918
225155
225156
225157
225158
225159
225160
225161
226194
226195
226196
226197
226198
226199
226200
226201
226203
226204
226205
226207
226208
226209
226210
226211
226212
226216
226217
227574
227575
227576
227577
227578
227579
227580
227581
227582
227584
227585
227587
227591
227593
227597
227598
227599
227601
227606
228680
228681
228682
228683
228684
228685
228686
228687
228688
228689
228690
228691
228693
228697
228698
228703
228704
228709
230235
230236
230237
230238
230239
230240
230241
230242
230244
230246
230247
230250
230252
230254
230255
230256
230257
230261
231706
231707
231708
231709
231710
231711
231712
231713
231715
231717
231720
231722
233214
233215
233216
233217
233218
233219
233220
233222
233223
233224
233225
233226
233230
233233
233234
233235
234514
234515
234516
234517
234518
234519
234524
234525
234526
234527
234528
234529
234530
234532
234534
234537
234540
234546
235692
235693
235694
235695
235696
235697
235698
235699
235700
235701
235702
235703
235704
235705
235707
235709
235714
236756
236757
236758
236759
236760
236761
236762
236763
236764
236765
236766
236767
236768
236769
236770
236771
237941
237942
237943
237944
237945
237946
237947
237948
237949
237950
237952
237953
239245
239246
239247
239248
239249
239250
239251
239252
239253
239257
239993
239994
239995
239996
239997
239998
240000
240001
240002
240003
240004
240005
240006
240014
240019
241153
241154
241155
241156
241157
241158
241159
241160
241161
241164
241168
241170
242214
242215
242216
242217
242218
242219
242220
242221
242222
242223
242225
242226
242228
242232
243186
243187
243188
243189
243190
243191
243192
243193
243194
243197
243199
243200
243201
243202
244318
244319
244320
244321
244322
244323
244324
244326
244329
244330
244331
244333
244337
244338
244343
245134
245135
245136
245137
245138
245139
245140
245141
245142
245143
245145
245147
246232
246233
246234
246235
246236
246237
246238
246239
246240
246246
247348
247349
247350
247351
247352
247353
247355
248157
248158
248159
248160
248161
248162
248163
248164
248165
248167
248168
248170
248173
248179
248180
248181
248182
248183
248185
248192
249164
249165
249166
249167
249168
249169
249170
249171
249172
249174
249175
249176
250390
250391
250392
250393
250394
250395
250396
250397
250398
250399
250400
250401
250403
250404
250408
250409
250411
250412
251299
251300
251301
251302
251303
251304
251307
251308
251310
251323
251325
252245
252246
252247
252248
252249
252250
252251
252253
252255
252256
252258
252260
252261
252271
252995
252996
252997
252998
252999
253000
253001
253002
253003
253004
253005
253006
253007
253008
253015
254112
254113
254114
254115
254116
254117
254118
254120
254122
254127
254130
254925
254926
254927
254928
254932
254934
254935
254936
255614
255615
255616
255617
255618
255619
255620
255621
255622
255624
255626
255636
256507
256508
256509
256510
256511
256512
256513
256514
256516
256518
256519
256522
256524
256527
257302
257303
257304
257305
257306
257308
258263
258264
258265
258266
258267
258268
258269
258270
258271
258274
259114
259115
259116
259117
259118
259119
259120
259128
260014
260015
260016
260017
260018
260020
260021
260027
260862
260863
260864
260865
260866
260867
260868
260869
260870
260884
261959
261960
261961
261962
261963
261964
261965
261966
261967
261968
261970
261971
261972
261975
261976
261977
262659
262660
262661
262662
262663
262665
263557
263558
263559
263560
263561
263565
263566
263567
263569
263572
263576
264412
264413
264414
264415
264416
264417
264418
264419
264422
264423
264427
265267
265268
265269
265270
265271
265272
265273
265274
265277
265279
265926
265927
265928
265929
265930
265931
265932
265933
265935
265937
265942
266559
266560
266561
266562
266563
266564
266565
266566
266568
267323
267324
268295
268296
268297
268298
268304
268908
268909
268910
268911
268912
269440
269441
269442
269443
269445
269447
269450
270079
270080
270081
270082
270083
270084
270085
270088
270089
270091
270963
270964
270965
270966
270967
270968
270969
270970
270971
270972
270974
270976
270977
270979
270980
271729
271730
271731
271732
271733
271734
271737
271741
272322
272323
272324
272325
272326
272327
272328
272329
272330
272334
272336
273141
273142
273143
273144
273145
273146
273147
273148
273151
273153
273155
273994
273995
273996
273997
273998
273999
274000
274001
274002
274004
274008
274012
274014
274015
274018
274021
274790
274791
274792
274793
274794
274795
274796
274797
275531
275532
275533
275534
275535
275536
275538
275547
276219
276220
276221
276222
276223
276224
276225
276226
276228
276229
276231
276234
277020
277021
277022
277023
277024
277025
277030
277687
277688
277689
277692
277693
277696
278302
278303
278304
278305
278306
278308
278312
278313
278314
278316
278854
278855
278856
278857
278860
279707
279708
279709
279711
279712
279713
279715
279720
280454
280455
280456
280457
280465
280466
281072
281073
281074
281077
281700
281701
281702
281703
281704
281706
281707
281713
282377
282378
282380
282385
283011
283012
283013
283014
283015
283016
283017
283019
283022
283024
283025
283026
283637
283638
283639
283640
283641
283643
283648
284316
284317
284318
284319
284320
284323
284327
284948
284949
284950
284951
284952
284953
284954
284955
284956
284957
284958
285479
285480
285481
285482
285485
285486
285488
285492
286066
286067
286068
286069
286070
286072
286073
286075
286695
286696
286697
286698
286700
286701
286702
287335
287336
287337
287338
287339
287341
287342
288014
288015
288016
288017
288018
288019
288743
288744
288745
288746
288747
288749
288751
288753
288754
288755
289426
289427
289428
289429
289430
289431
289432
289433
289436
289438
289439
289945
289946
289947
289948
289949
289950
289951
289953
290643
290644
290645
290646
290647
290650
291113
291114
291115
291116
291118
291119
291120
291122
291888
291889
291890
291892
292355
292356
292357
292358
292359
292921
292922
292923
292924
292925
292926
292927
292928
292930
292931
292934
292938
293439
293440
293441
293442
293443
293444
293445
293450
293451
294047
294048
294049
294050
294051
294052
294053
294054
294056
294057
294510
294511
294512
294513
294514
294515
294525
294527
294531
294532
294535
294536
295077
295078
295079
295080
295674
295675
295676
295677
295678
295679
295680
295682
295686
296302
296303
296304
296305
296306
296307
296312
296313
296787
296788
296789
296790
296791
296792
297210
297211
297213
297215
297216
297218
297220
297712
297713
297714
297715
298206
298207
298208
298209
298211
298221
298892
298893
298894
298895
298896
298897
298898
298904
299429
299430
299431
299433
299434
299436
299437
299439
299935
299936
299937
299939
300568
300569
300570
300571
300572
300574
300576
300585
300586
301127
301128
301129
301130
301746
301747
301748
301749
301752
301753
301754
301757
301759
302165
302166
302174
302773
302774
302775
302776
302779
302780
303362
303363
303364
303365
303367
303369
303370
303371
303710
303711
303712
303713
303714
303716
303717
303719
303724
304201
304202
304203
304204
304206
304209
304210
304214
304217
304726
304727
305083
305084
305085
305087
305653
305654
305655
305658
305660
306058
306059
306060
306061
306062
306066
306516
306517
306518
306519
306520
306945
306946
306947
306948
306949
306950
307438
307439
307440
307441
307442
307448
307450
308060
308061
308062
308063
308064
308066
308069
308074
308598
308599
309045
309046
309047
309048
309049
309428
309429
309430
309431
309433
309434
309435
309951
309952
309953
309954
309955
310509
310510
310511
310512
310513
310519
310985
310986
310987
310988
311302
311303
311304
311305
311308
311313
311882
311883
311884
311885
312412
312413
312414
312415
312416
312418
312891
312892
312893
312894
312895
312896
313402
313403
313404
313405
313954
313955
313956
313957
314365
314366
314367
314368
314372
314373
314378
314770
314771
314772
314773
314775
314777
314779
314780
315140
315141
315142
315519
315521
315522
315523
316029
316030
316031
316354
316355
316356
316358
316359
316360
316361
316362
316365
316855
316856
316857
316858
316859
316860
317311
317312
317313
317711
317712
317713
317714
317715
317716
317717
317721
318210
318211
318212
318213
318214
318215
318216
318219
318220
318221
318222
318633
318634
318635
318637
318638
319144
319145
319146
319147
319148
319149
319150
319643
319644
319645
319646
319647
319651
320012
320013
320014
320015
320016
320019
320020
320433
320434
320435
320437
320734
320735
320736
320737
320738
320739
320746
321204
321205
321674
321675
321676
321677
321678
321680
321681
322160
322161
322162
322163
322166
322581
322582
322583
322584
322585
322586
322979
322980
322982
322983
323455
323456
323457
323851
323852
323853
323854
323855
323857
323858
323859
324127
324128
324129
324130
324131
324132
324135
324572
324573
324578
324584
324997
324998
324999
325000
325003
325335
325336
325337
325338
325808
325809
325810
325811
326217
326218
326219
326220
326221
326222
326226
326652
326653
326654
326658
327112
327113
327114
327115
327405
327406
327407
327408
327409
327411
327412
327413
327414
327415
327416
327418
327822
327823
327824
327825
327826
327827
327828
327829
327830
327831
328251
328252
328253
328254
328255
328256
328258
328259
328677
328678
328679
328680
328681
328682
329105
329106
329108
329109
329515
329516
329517
329849
329850
329851
330208
330209
330210
330211
330212
330553
330554
330555
330556
330955
330956
330958
330962
331293
331294
331295
331296
331298
331701
331702
331703
331704
331705
331706
331707
332068
332069
332070
332071
332389
332390
332391
332392
332393
332394
332812
332813
332814
332815
333258
333259
333260
333261
333672
333673
333674
333675
333676
334028
334029
334030
334033
334036
334037
334350
334351
334352
334353
334727
334728
334732
335078
335079
335081
335486
335487
335488
335489
335491
335927
336276
336277
336278
336279
336282
336516
336517
336518
336519
336520
336521
336796
336797
336798
336800
337048
337049
337050
337051
337444
337445
337446
337447
337843
337844
337845
337846
337847
337848
337849
337850
338148
338149
338150
338151
338152
338154
338158
338458
338459
338460
338461
338468
338817
338818
338819
338820
338821
338822
338823
338824
339181
339182
339183
339547
339548
339549
339550
339551
339554
339559
339862
339863
339864
339865
340106
340107
340110
340355
340356
340357
340585
340586
340588
340976
340977
340978
340986
341356
341357
341358
341359
341361
341362
341683
341684
341685
341687
342047
342048
342049
342050
342052
342343
342344
342345
342350
342351
342352
342353
342354
342689
342690
342691
343039
343044
343429
343430
343433
343434
343638
343639
343640
343641
343642
343988
343989
343990
343992
343993
344300
344301
344302
344303
344593
344594
344595
344596
344599
344601
344987
344988
344989
344990
345250
345251
345252
345253
345254
345255
345259
345456
345457
345458
345459
345812
345813
345815
346075
346076
346077
346078
346079
346420
346421
346422
346748
346750
346752
346976
346977
347237
347238
347239
347241
347243
347244
347245
347508
347510
347511
347512
347515
347785
347786
347787
347788
348038
348039
348040
348041
348042
348045
348334
348335
348593
348594
348595
348894
348896
349135
349136
349137
349138
349414
349415
349416
349417
349624
349625
349626
349628
349897
349898
349899
349904
349905
350183
350184
350185
350186
350187
350188
350486
350487
350488
350489
350491
350843
350844
350845
350846
351071
351072
351073
351074
351075
351452
351453
351779
351780
352061
352062
352063
352064
352066
352068
352359
352360
352361
352362
352578
352579
352816
352817
352818
352819
353167
353168
353170
353423
353424
353425
353729
353730
353973
353974
353975
353976
353977
354239
354240
354241
354242
354483
354484
354485
354486
354487
354491
354727
354728
354729
354730
354732
354986
354987
354988
354989
354992
355232
355233
355234
355237
355537
355538
355539
355911
355912
355913
355914
355915
356176
356177
356178
356179
356181
356415
356416
356417
356418
356419
356678
356679
356906
356907
356908
356909
356910
357235
357236
357237
357239
357465
357468
357765
357766
358016
358017
358019
358273
358274
358275
358276
358281
358582
358583
358584
358585
358886
358887
358888
359086
359334
359335
359336
359639
359640
359641
359642
359811
360087
360088
360294
360295
360509
360510
360511
360513
360750
360916
360917
360918
360919
361189
361190
361191
361193
361418
361419
361424
361752
361753
361754
361755
361757
362042
362044
362370
362371
362372
362373
362551
362552
362553
362555
362780
362781
362782
363104
363105
363315
363316
363317
363318
363524
363525
363528
363531
363532
363533
363736
363737
363738
363739
363981
363982
364263
364264
364265
364266
364268
364479
364480
364481
364482
364807
364809
364810
365010
365011
365012
365263
365493
365494
365498
365500
365501
365743
365744
365745
366034
366035
366036
366037
366040
366338
366339
366340
366341
366343
366344
366565
366792
366793
366799
367139
367140
367141
367456
367457
367688
367689
367690
367929
367930
367931
367932
367933
367934
367935
368170
368171
368172
368436
368437
368438
368697
368698
368699
368700
368884
368886
368887
368890
368893
369152
369153
369154
369366
369367
369368
369545
369546
369547
369789
369791
369794
370003
370004
370005
370006
370190
370191
370192
370529
370781
370782
370784
371013
371014
371015
371016
371017
371259
371261
371263
371471
371472
371473
371475
371476
371704
371705
371707
371859
372175
372176
372179
372343
372344
372345
372568
372570
372571
372572
372778
372779
372780
373050
373053
373291
373292
373293
373294
373296
373510
373511
373512
373699
373700
373701
373702
373951
373952
373954
374228
374229
374231
374379
374380
374381
374382
374384
374387
374593
374594
374789
374790
374791
374792
375020
375026
375236
375237
375238
375239
375401
375402
375403
375639
375640
375643
375646
375909
375910
375911
375912
376132
376133
376135
376136
376356
376357
376544
376545
376546
376547
376548
376549
376738
376739
376740
376741
376963
376964
376966
377212
377214
377398
377539
377540
377804
377805
378115
378116
378117
378298
378299
378300
378526
378527
378528
378745
378746
378747
378748
378749
378943
378944
378945
378946
379147
379148
379149
379151
379320
379321
379322
379540
379541
379542
379543
379732
379949
379950
379951
379953
380119
380120
380121
380276
380277
380278
380279
380475
380476
380751
380752
380934
380935
380936
380937
381147
381148
381149
381150
381151
381392
381393
381397
381398
381608
381831
381832
382059
382060
382061
382062
382064
382256
382257
382258
382259
382483
382484
382684
382921
382922
382924
383118
383119
383120
383121
383122
383123
383307
383308
383506
383507
383508
383509
383723
383724
383945
383946
383947
383948
383950
384103
384104
384105
384107
384355
384534
384535
384536
384537
384538
384705
384706
384914
385115
385116
385117
385118
385350
385351
385352
385353
385354
385355
385582
385583
385798
385799
385800
385801
385802
386003
386004
386247
386248
386252
386429
386430
386431
386612
386613
386827
386828
386829
387067
387068
387069
387236
387238
387241
387438
387439
387590
387591
387592
387726
387728
387936
387937
387938
388115
388116
388249
388250
388428
388429
388615
388616
388617
388818
388819
388820
388821
389056
389057
389156
389157
389345
389346
389348
389349
389511
389512
389513
389514
389704
389705
389706
389917
389918
389919
389921
390127
390128
390305
390306
390465
390466
390468
390724
390725
390859
390860
391081
391082
391260
391447
391681
391682
391869
391870
392097
392098
392253
392368
392369
392370
392585
392586
392587
392589
392725
392726
392728
392729
392731
392852
392853
392961
393117
393118
393119
393336
393337
393338
393339
393546
393548
393731
393888
394069
394241
394242
394243
394245
394439
394440
394444
394600
394601
394719
394720
394850
394851
394855
394986
394987
395153
395154
395155
395156
395338
395339
395340
395533
395535
395536
395735
395736
395737
395882
395883
395886
396073
396074
396075
396266
396267
396268
396462
396463
396464
396640
396641
396851
396852
396854
396856
397063
397260
397261
397264
397418
397419
397568
397569
397570
397571
397572
397682
397683
397684
397866
398110
398282
398405
398549
398550
398551
398685
398686
398913
399101
399102
399267
399268
399269
399391
399392
399520
399521
399679
399680
399844
399845
399846
399969
399970
400089
400090
400266
400267
400268
400426
400547
400548
400549
400694
400695
400696
400846
400847
401062
401063
401064
401192
401193
401194
401328
401329
401332
401535
401536
401537
401670
401671
401859
401861
402017
402018
402019
402118
402119
402293
402294
402295
402483
402484
402635
402636
402637
402769
402770
402771
402772
402979
403110
403111
403261
403262
403263
403388
403389
403390
403506
403507
403508
403624
403625
403627
403787
403788
403910
404093
404094
404095
404216
404217
404218
404219
404319
404320
404501
404644
404646
404769
404770
404771
404772
404888
405000
405001
405002
405004
405133
405295
405296
405460
405461
405568
405570
405745
405746
405882
405883
406136
406137
406138
406256
406258
406380
406381
406383
406495
406698
406699
406700
406878
406879
406880
406881
407020
407021
407022
407204
407320
407321
407322
407472
407606
407607
407609
407822
407823
407824
407825
407926
407927
408076
408077
408079
408224
408393
408497
408498
408499
408647
408648
408649
408764
408935
408936
408937
409086
409087
409226
409227
409228
409229
409358
409475
409476
409478
409645
409761
409762
409883
409884
409885
409886
409986
409987
410140
410303
410456
410457
410458
410567
410568
410569
410700
410701
410702
410887
410888
410889
411034
411035
411037
411154
411156
411157
411321
411322
411323
411452
411637
411638
411639
411783
411784
411785
411949
411955
412079
412081
412083
412084
412199
412332
412333
412334
412335
412337
412442
412445
412591
412592
412743
412744
412911
412912
413091
413194
413195
413196
413363
413364
413365
413463
413464
413466
413608
413609
413747
413748
413749
413928
413929
414050
414051
414146
414148
414277
414278
414280
414447
414448
414449
414451
414549
414651
414652
414759
414760
414990
414991
414993
415113
415114
415211
415212
415214
415373
415496
415497
415498
415628
415629
415630
415823
415824
415972
415973
415974
416112
416113
416258
416259
416260
416399
416400
416401
416403
416522
416523
416524
416627
416628
416629
416752
416753
416897
416898
417032
417122
417123
417281
417282
417283
417411
417413
417581
417583
417717
417718
417719
417720
417793
417794
417939
417940
417941
418076
418077
418078
418079
418230
418231
418232
418325
418452
418453
418576
418577
418770
418771
418911
419061
419062
419203
419301
419302
419428
419429
419430
419575
419576
419749
419750
419909
420059
420060
420172
420173
420304
420306
420435
420436
420550
420551
420658
420659
420815
420816
420817
420924
420925
421031
421032
421033
421134
421312
421313
421450
421451
421452
421568
421569
421570
421711
421712
421835
421836
421956
421957
421958
422109
422110
422231
422426
422427
422428
422551
422553
422662
422663
422831
423013
423014
423110
423111
423112
423282
423387
423527
423657
423658
423804
423805
423908
423909
423910
423911
423912
423914
424043
424044
424152
424153
424154
424255
424256
424257
424362
424485
424487
424488
424489
424571
424725
424803
424910
424911
424912
424986
424988
425061
425062
425063
425185
425186
425337
425338
425339
425487
425488
425489
425605
425729
425730
425732
425836
425837
425940
425941
426086
426088
426242
426243
426361
426362
426483
426575
426576
426665
426666
426764
426765
426766
426902
426984
426986
427114
427115
427215
427217
427314
427315
427316
427419
427420
427421
427532
427533
427607
427745
427746
427829
427830
427831
427957
427958
428037
428038
428039
428040
428042
428158
428159
428289
428293
428295
428431
428432
428537
428616
428617
428715
428717
428718
428813
428814
428815
428927
429041
429042
429043
429044
429127
429128
429237
429238
429314
429315
429435
429436
429556
429557
429558
429678
429679
429680
429758
429759
429862
429863
429989
430070
430183
430285
430286
430289
430394
430396
430470
430472
430589
430590
430591
430592
430683
430684
430850
430851
430972
430973
431106
431107
431201
431202
431282
431390
431391
431392
431536
431635
431636
431751
431753
431868
431986
431987
431988
432130
432131
432254
432379
432380
432485
432592
432593
432711
432712
432831
432927
433038
433039
433040
433041
433111
433112
433113
433114
433217
433317
433318
433401
433402
433537
433538
433656
433723
433724
433813
433936
434026
434152
434153
434303
434304
434305
434410
434411
434412
434415
434541
434542
434681
434787
434788
434938
435020
435021
435022
435126
435127
435223
435224
435225
435226
435309
435310
435417
435547
435548
435685
435686
435782
435868
435869
435870
436003
436127
436233
436349
436350
436458
436459
436551
436552
436553
436642
436797
436917
436991
436992
436993
437121
437239
437240
437314
437317
437408
437409
437507
437645
437646
437749
437750
437822
437823
437945
437946
438038
438167
438169
438297
438298
438368
438453
438454
438455
438568
438569
438669
438670
438671
438787
438890
438996
439078
439079
439081
439201
439283
439284
439392
439393
439468
439518
439520
439630
439631
439732
439827
439828
439922
440024
440144
440145
440193
440194
440289
440377
440477
440478
440568
440569
440642
440726
440727
440827
440828
440923
440924
441036
441037
441141
441142
441218
441219
441327
441329
441397
441398
441494
441574
441667
441763
441764
441857
441858
441939
441940
442084
442154
442227
442299
442300
442301
442350
442352
442439
442532
442637
442761
442855
442858
442979
442980
443097
443175
443176
443178
443249
443356
443357
443421
443424
443498
443587
443683
443746
443801
443802
443914
443915
444067
444068
444069
444184
444251
444252
444255
444340
444341
444442
444443
444444
444545
444631
444728
444834
444835
444929
444997
444998
445092
445185
445186
445271
445342
445343
445420
445515
445567
445568
445570
445658
445753
445754
445878
445879
445939
446011
446012
446013
446112
446172
446253
446254
446330
446449
446450
446548
446549
446612
446613
446614
446682
446683
446786
446790
446937
447042
447044
447153
447154
447155
447236
447350
447351
447433
447434
447532
447606
447695
447696
447698
447767
447886
448021
448111
448196
448269
448371
448372
448373
448447
448525
448526
448642
448732
448840
448841
448928
448929
449034
449099
449201
449267
449361
449362
449465
449549
449550
449651
449733
449735
449846
449910
449911
449972
450046
450126
450127
450177
450178
450265
450337
450338
450420
450421
450493
450494
450593
450595
450683
450684
450767
450849
450920
451005
451090
451179
451180
451243
451244
451323
451410
451411
451503
451504
451505
451626
451627
451628
451693
451807
451808
451860
451961
452045
452046
452047
452048
452112
452185
452279
452357
452358
452395
452500
452577
452578
452651
452652
452737
452839
452840
452895
452896
452955
453019
453081
453134
453231
453232
453313
453314
453393
453394
453450
453526
453528
453609
453713
453753
453835
453836
453961
453962
454015
454016
454017
454019
454074
454151
454152
454153
454247
454306
454376
454377
454462
454463
454539
454540
454541
454633
454729
454795
454796
454898
454963
454964
455058
455059
455109
455110
455198
455258
455335
455336
455413
455414
455479
455551
455552
455637
455730
455857
455858
455957
455958
456014
456114
456168
456169
456234
456283
456284
456381
456382
456456
456457
456538
456584
456585
456634
456725
456786
456787
456872
456921
456922
457000
457001
457086
457087
457169
457227
457228
457296
457297
457361
457362
457452
457514
457604
457697
457698
457781
457871
457931
457932
457998
457999
458028
458029
458111
458112
458174
458175
458231
458302
458378
458447
458509
458510
458604
458658
458659
458722
458723
458784
458864
458865
458945
458946
459020
459021
459022
459084
459085
459169
459243
459244
459270
459360
459394
459517
459518
459576
459577
459665
459666
459730
459786
459850
459906
459907
459959
460008
460009
460076
460077
460078
460117
460193
460273
460351
460352
460434
460526
460527
460595
460692
460746
460823
460888
460939
460940
460941
461038
461136
461137
461202
461203
461283
461364
461450
461521
461522
461609
461667
461709
461806
461864
461929
462010
462011
462077
462141
462189
462241
462242
462323
462324
462325
462391
462481
462482
462564
462631
462690
462775
462832
462833
462904
462905
462986
462987
463062
463063
463139
463140
463233
463278
463340
463341
463395
463453
463521
463522
463597
463649
463750
463751
463804
463894
463895
463958
464018
464110
464182
464247
464248
464292
464331
464422
464490
464491
464539
464576
464577
464669
464670
464742
464788
464894
464936
465016
465017
465080
465136
465138
465205
465284
465285
465320
465361
465412
465495
465496
465548
465614
465693
465694
465764
465765
465842
465843
465844
465846
465921
465922
466003
466055
466133
466182
466265
466266
466332
466387
466436
466493
466494
466599
466694
466695
466746
466801
466802
466894
466895
466896
466897
466958
466959
467011
467052
467127
467212
467213
467256
467308
467385
467445
467446
467519
467520
467575
467576
467628
467629
467700
467740
467741
467798
467871
467919
467958
468006
468064
468065
468110
468168
468251
468318
468319
468382
468450
468508
468590
468623
468624
468695
468759
468817
468888
468889
468921
468967
469060
469102
469147
469204
469205
469265
469315
469377
469438
469464
469502
469539
469540
469589
469590
469657
469659
469705
469706
469740
469803
469804
469879
469930
469967
470060
470134
470178
470252
470322
470380
470420
470493
470548
470617
470679
470680
470728
470808
470809
470884
470885
470950
471006
471109
471161
471162
471219
471220
471262
471263
471358
471359
471420
471468
471517
471519
471591
471665
471740
471801
471803
471857
471901
471902
471903
471951
471952
472020
472104
472174
472218
472295
472296
472362
472418
472457
472499
472550
472641
472685
472686
472687
472747
472748
472824
472884
472955
472956
473004
473005
473055
473056
473125
473126
473166
473207
473287
473349
473420
473421
473471
473514
473563
473641
473676
473753
473754
473815
473858
473898
473957
474017
474018
474061
474127
474170
474171
474204
474206
474231
474271
474320
474321
474377
474378
474437
474438
474505
474569
474570
474623
474674
474757
474813
474860
474861
474918
474979
475020
475098
475171
475220
475293
475354
475440
475441
475490
475542
475603
475656
475722
475781
475865
475906
475956
476005
476006
476044
476045
476118
476172
476232
476295
476296
476362
476363
476417
476418
476419
476487
476488
476527
476528
476557
476624
476625
476696
476697
476745
476746
476820
476892
476944
476945
476997
477031
477089
477090
477119
477179
477227
477290
477291
477292
477378
477419
477421
477422
477474
477518
477564
477624
477625
477677
477678
477745
477802
477803
477875
477876
477919
477920
477974
477975
478037
478038
478092
478160
478247
478298
478357
478358
478410
478452
478496
478535
478604
478605
478661
478696
478759
478856
478927
479002
479003
479056
479117
479174
479221
479222
479264
479314
479372
479373
479411
479412
479461
479462
479560
479561
479628
479682
479683
479745
479798
479799
479839
479884
479885
479886
479917
480000
480073
480074
480075
480151
480194
480230
480285
480286
480345
480391
480441
480497
480498
480550
480587
480645
480646
480712
480713
480750
480803
480879
480931
480989
481036
481064
481126
481171
481172
481254
481300
481347
481405
481453
481454
481503
481545
481597
481653
481724
481804
481855
481894
481947
482006
482054
482117
482169
482170
482196
482197
482257
482258
482323
482324
482325
482368
482435
482479
482533
482589
482590
482614
482615
482616
482674
482714
482757
482814
482815
482869
482925
482926
482987
483033
483068
483069
483113
483179
483214
483215
483269
483323
483324
483370
483421
483484
483521
483590
483641
483642
483693
483749
483812
483868
483900
483927
483977
483978
484045
484046
484113
484155
484207
484257
484307
484336
484337
484366
484367
484427
484506
484507
484550
484551
484608
484609
484655
484715
484771
484818
484852
484905
484944
485017
485095
485096
485146
485196
485233
485283
485326
485365
485394
485395
485441
485485
485518
485542
485543
485596
485654
485656
485703
485704
485747
485782
485783
485833
485886
485887
485951
486009
486052
486124
486186
486229
486230
486281
486341
486384
486415
486416
486463
486525
486590
486632
486691
486692
486742
486781
486828
486875
486917
486918
486919
486966
487000
487001
487042
487072
487073
487099
487100
487152
487191
487244
487276
487327
487363
487364
487393
487438
487496
487530
487606
487651
487698
487699
487769
487817
487877
487913
487965
487966
487993
488062
488123
488174
488228
488282
488355
488415
488445
488446
488500
488502
488537
488591
488662
488663
488722
488771
488841
488906
488945
488946
488990
489016
489054
489100
489162
489230
489273
489314
489356
489357
489359
489417
489462
489501
489550
489593
489618
489619
489666
489703
489752
489812
489863
489864
489901
489953
489990
490053
490054
490109
490130
490131
490172
490195
490238
490280
490342
490418
490475
490476
490533
490577
490617
490661
490711
490768
490806
490842
490843
490867
490921
490986
491026
491066
491089
491145
491146
491189
491225
491282
491316
491317
491354
491403
491471
491520
491581
491614
491650
491735
491761
491801
491872
491873
491901
491931
491980
492023
492024
492092
492125
492178
492223
492285
492326
492352
492392
492425
492462
492493
492528
492565
492614
492666
492667
492710
492711
492755
492756
492808
492809
492825
492845
492889
492947
492989
492991
493034
493085
493086
493141
493142
493183
493230
493266
493267
493314
493315
493380
493437
493491
493517
493575
493633
493634
493635
493658
493702
493751
493796
493859
493920
493964
494009
494036
494091
494092
494131
494178
494179
494232
494233
494273
494326
494377
494423
494487
494526
494578
494622
494667
494721
494771
494807
494846
494928
494991
495043
495073
495074
495113
495177
495178
495214
495261
495262
495297
495298
495331
495332
495389
495442
495471
495515
495540
495589
495654
495719
495772
495803
495854
495882
495934
495980
495981
496019
496056
496113
496114
496132
496167
496212
496244
496292
496326
496369
496436
496474
496515
496545
496596
496597
496646
496647
496713
496757
496758
496805
496845
496846
496906
496907
496938
496939
496990
497032
497088
497138
497176
497220
497258
497299
497300
497351
497380
497409
497410
497450
497498
497529
497548
497585
497617
497618
497646
497683
497712
497754
497755
497800
497838
497879
497926
497964
498011
498031
498067
498068
498118
498119
498120
498171
498203
498248
498249
498297
498335
498389
498415
498462
498520
498576
498622
498677
498710
498768
498803
498854
498879
498880
498923
498958
498984
499025
499055
499113
499130
499161
499195
499223
499270
499320
499321
499357
499383
499436
499463
499487
499522
499574
499575
499609
499636
499679
499716
499717
499758
499810
499852
499897
499960
499996
500035
500036
500086
500114
500148
500149
500188
500239
500268
500294
500330
500331
500366
500398
500399
500448
500494
500532
500533
500575
500632
500665
500666
500725
500766
500833
500834
500867
500922
500959
501007
501008
501066
501067
501112
501156
501186
501215
501244
501292
501324
501368
501430
501464
501526
501561
501604
501628
501658
501685
501720
501761
501795
501859
501903
501949
501991
502043
502044
502087
502088
502121
502122
502168
502209
502232
502233
502279
502312
502347
502380
502427
502461
502503
502521
502560
502595
502619
502648
502685
502730
502767
502796
502847
502881
502919
502956
502976
503033
503091
503114
503137
503194
503195
503240
503241
503289
503322
503364
503393
503432
503467
503468
503503
503530
503582
503583
503636
503664
503706
503707
503750
503778
503826
503880
503916
503917
503951
504000
504030
504065
504093
504094
504142
504177
504227
504295
504350
504383
504426
504488
504549
504593
504650
504691
504692
504730
504757
504758
504785
504837
504863
504912
504913
504954
504955
504994
505030
505067
505106
505164
505165
505211
505253
505333
505379
505455
505481
505530
505572
505616
505642
505680
505752
505793
505831
505860
505892
505928
505967
506022
506063
506106
506138
506174
506175
506207
506244
506279
506280
506313
506356
506393
506409
506435
506436
506481
506526
506527
506566
506609
506653
506719
506753
506782
506823
506877
506878
506903
506943
506944
506992
507025
507070
507096
507130
507157
507200
507256
507299
507327
507361
507397
507458
507459
507516
507556
507587
507624
507666
507667
507668
507701
507742
507775
507807
507865
507900
507933
507965
507984
508020
508058
508114
508115
508156
508188
508239
508263
508294
508327
508328
508360
508361
508386
508387
508433
508463
508523
508564
508596
508627
508677
508678
508709
508748
508795
508796
508824
508854
508888
508889
508955
508985
509018
509042
509043
509079
509103
509131
509167
509196
509256
509301
509363
509402
509446
509468
509491
509521
509561
509608
509646
509689
509728
509729
509730
509766
509805
509857
509858
509903
509922
509923
509994
510014
510059
510085
510086
510122
510124
510161
510206
510245
510299
510323
510362
510390
510430
510458
510495
510533
510567
510594
510631
510680
510728
510751
510778
510806
510836
510861
510882
510883
510912
510944
511005
511021
511059
511095
511127
511175
511195
511214
511252
511253
511274
511298
511327
511362
511401
511443
511501
511503
511542
511576
511600
511638
511687
511714
511748
511787
511826
511858
511875
511905
511944
511980
512014
512049
512067
512125
512154
512170
512171
512201
512247
512306
512330
512366
512414
512459
512494
512531
512569
512570
512600
512631
512632
512683
512685
512707
512755
512756
512799
512842
512870
512906
512934
512948
512949
512981
513009
513026
513052
513094
513137
513160
513161
513186
513220
513262
513298
513299
513322
513371
513372
513402
513437
513468
513504
513534
513535
513598
513624
513646
513677
513718
513732
513760
513789
513820
513861
513862
513925
513954
513986
514017
514047
514093
514127
514149
514150
514178
514205
514249
514295
514333
514361
514389
514437
514438
514475
514500
514538
514587
514637
514671
514699
514737
514770
514808
514850
514885
514917
514918
514961
514988
515019
515058
515059
515097
515133
515177
515178
515207
515252
515265
515286
515318
515332
515384
515385
515386
515410
515437
515473
515504
515543
515570
515620
515648
515684
515718
515719
515751
515772
515794
515821
515860
515887
515909
515936
515981
516011
516034
516068
516104
516129
516130
516161
516175
516188
516225
516256
516303
516333
516334
516377
516398
516416
516417
516465
516502
516530
516572
516606
516638
516686
516703
516737
516739
516768
516769
516793
516819
516820
516854
516889
516909
516941
516942
516943
516966
517008
517040
517106
517137
517199
517234
517290
517336
517366
517382
517424
517461
517503
517535
517561
517587
517588
517644
517681
517714
517715
517751
517772
517812
517858
517881
517908
517938
517977
518008
518056
518077
518111
518148
518197
518236
518272
518299
518340
518369
518390
518430
518460
518479
518522
518557
518581
518614
518640
518658
518713
518742
518774
518810
518854
518896
518921
518956
518971
519021
519044
519091
519136
519181
519238
519286
519331
519352
519353
519393
519428
519446
519487
519529
519570
519616
519650
519681
519682
519728
519776
519805
519849
519887
519909
519933
519978
520009
520040
520067
520082
520132
520152
520196
520230
520265
520295
520331
520370
520426
520454
520484
520509
520510
520541
520542
520583
520584
520617
520649
520675
520728
520769
520793
520794
520795
520825
520839
520869
520891
520947
520972
520999
521026
521059
521093
521114
521153
521166
521201
521202
521231
521258
521322
521361
521382
521383
521384
521445
521489
521520
521552
521593
521616
521638
521681
521716
521821
521838
521863
521889
521910
521936
521962
522003
522033
522034
522056
522076
522118
522155
522202
522203
522241
522263
522299
522317
522345
522370
522394
522429
522484
522522
522553
522581
522603
522630
522660
522685
522727
522749
522779
522800
522817
522848
522885
522908
522938
522957
522992
523008
523035
523071
523087
523109
523129
523157
523198
523199
523231
523247
523279
523306
523329
523364
523392
523393
523425
523435
523458
523459
523489
523521
523522
523547
523582
523618
523619
523639
523661
523684
523729
523730
523773
523812
523835
523878
523897
523919
523958
523990
524018
524053
524054
524087
524113
524135
524136
524174
524175
524216
524262
524295
524317
524344
524372
524400
524423
524453
524490
524520
524551
524552
524567
524568
524589
524617
524648
524678
524708
524731
524765
524789
524825
524846
524874
524898
524930
524965
524996
525021
525022
525057
525081
525108
525132
525167
525204
525230
525252
525293
525311
525344
525366
525452
525490
525520
525541
525584
525611
525634
525649
525666
525709
525745
525787
525802
525853
525889
525911
525937
525973
525993
526030
526062
526063
526098
526122
526153
526173
526191
526192
526212
526245
526277
526301
526302
526326
526360
526404
526445
526476
526477
526509
526546
526581
526622
526667
526696
526718
526756
526789
526820
526833
526848
526865
526902
526903
526946
526989
527037
527081
527123
527148
527149
527183
527230
527258
527288
527306
527326
527343
527377
527379
527419
527441
527442
527473
527508
527538
527554
527595
527624
527647
527648
527682
527712
527744
527745
527764
527787
527822
527857
527858
527891
527905
527926
527969
527996
528028
528029
528038
528078
528107
528130
528151
528190
528209
528234
528271
528296
528297
528336
528358
528467
528468
528498
528531
528532
528598
528626
528654
528672
528694
528727
528760
528787
528821
528863
528880
528906
528947
528966
529002
529024
529041
529088
529130
529154
529155
529180
529202
529218
529247
529270
529285
529307
529329
529358
529375
529426
529466
529509
529535
529575
529611
529643
529664
529683
529684
529739
529762
529785
529804
529822
529863
529890
529926
529927
529962
529989
530020
530039
530075
530101
530121
530145
530157
530171
530222
530250
530278
530298
530327
530353
530376
530425
530450
530469
530514
530528
530580
530605
530626
530660
530687
530705
530732
530780
530808
530830
530874
530902
530923
530974
530987
531027
531046
531069
531108
531151
531178
531179
531201
531225
531253
531279
531280
531300
531332
531360
531391
531429
531455
531456
531474
531511
531539
531574
531606
531639
531659
531697
531737
531772
531806
531830
531870
531900
531934
531951
531974
532001
532017
532043
532065
532066
532086
532121
532146
532179
532205
532226
532244
532271
532301
532340
532362
532385
532386
532414
532437
532465
532488
532518
532548
532569
532600
532627
532665
532710
532741
532774
532802
532828
532864
532889
532912
532939
532963
532983
533001
533016
533044
533063
533092
533093
533125
533151
533182
533224
533253
533323
533355
533384
533426
533457
533481
533521
533543
533573
533592
533614
533648
533667
533692
533722
533763
533789
533814
533843
533878
533913
533931
533946
533992
534020
534052
534095
534122
534150
534151
534183
534206
534207
534234
534267
534285
534303
534325
534362
534397
534438
534489
534514
534539
534563
534588
534589
534630
534648
534682
534699
534700
534712
534747
534771
534795
534824
534859
534882
534906
534936
534974
535034
535086
535117
535148
535168
535203
535220
535240
535262
535279
535303
535319
535372
535397
535428
535452
535486
535525
535539
535580
535614
535641
535662
535680
535681
535709
535742
535757
535774
535775
535792
535817
535836
535873
535887
535900
535937
535958
535998
536030
536048
536061
536117
536143
536163
536201
536221
536255
536279
536307
536324
536355
536387
536420
536439
536453
536491
536511
536534
536554
536592
536615
536640
536669
536699
536736
536758
536790
536830
536844
536845
536863
536887
536909
536910
536927
536976
536998
537006
537029
537064
537096
537133
537154
537164
537203
537227
537259
537273
537303
537321
537340
537365
537403
537426
537473
537504
537536
537569
537594
537631
537670
537690
537713
537743
537751
537791
537815
537843
537865
537893
537894
537914
537945
537946
537981
537982
538009
538040
538080
538098
538134
538155
538156
538179
538216
538235
538258
538279
538295
538314
538343
538364
538388
538406
538444
538445
538481
538496
538535
538541
538557
538580
538605
538624
538645
538680
538690
538691
538736
538761
538797
538824
538846
538868
538869
538887
538906
538935
538960
539002
539035
539066
539085
539114
539141
539170
539171
539187
539227
539259
539284
539298
539328
539362
539392
539405
539426
539451
539484
539514
539515
539541
539565
539583
539598
539618
539647
539656
539679
539723
539751
539752
539783
539784
539812
539835
539874
539896
539929
539954
539971
539998
540019
540039
540040
540094
540119
540141
540165
540175
540176
540200
540230
540254
540280
540300
540301
540318
540350
540374
540389
540409
540440
540473
540490
540491
540513
540533
540554
540561
540587
540606
540634
540661
540701
540724
540742
540767
540795
540819
540858
540877
540905
540926
540942
540962
540990
541006
541017
541032
541067
541090
541125
541147
541160
541200
541223
541229
541242
541258
541283
541355
541402
541426
541457
541489
541490
541522
541545
541578
541590
541607
541627
541649
541681
541706
541729
541746
541747
541757
541783
541808
541823
541839
541854
541879
541934
541955
541956
541975
541999
542023
542044
542068
542088
542113
542129
542150
542183
542201
542225
542247
542274
542310
542350
542389
542408
542449
542463
542472
542504
542539
542540
542569
542570
542600
542637
542653
542719
542735
542753
542770
542783
542795
542816
542846
542856
542891
542906
542946
542987
543014
543015
543043
543060
543078
543109
543127
543168
543190
543241
543269
543283
543284
543308
543333
543349
543359
543372
543392
543404
543418
543451
543486
543512
543538
543544
543560
543573
543574
543606
543619
543639
543656
543669
543698
543722
543743
543774
543792
543809
543821
543835
543869
543895
543926
543953
543975
544005
544023
544045
544085
544116
544145
544162
544179
544205
544219
544255
544279
544305
544320
544344
544360
544373
544393
544416
544446
544447
544464
544486
544487
544515
544544
544569
544581
544582
544615
544644
544656
544694
544705
544731
544754
544787
544806
544827
544849
544863
544896
544908
544945
544976
545013
545037
545050
545070
545101
545102
545136
545154
545179
545214
545249
545265
545301
545323
545346
545377
545399
545413
545434
545471
545502
545503
545536
545571
545589
545612
545630
545657
545664
545690
545716
545733
545758
545770
545804
545821
545832
545856
545874
545886
545918
545936
545955
545986
546018
546047
546070
546102
546144
546171
546186
546235
546260
546288
546289
546305
546316
546337
546361
546374
546394
546426
546452
546464
546483
546510
546535
546567
546586
546597
546636
546653
546709
546735
546758
546778
546811
546846
546873
546885
546927
546944
546958
546959
546982
546989
547017
547034
547038
547056
547081
547107
547126
547150
547193
547211
547232
547250
547271
547290
547304
547375
547399
547427
547443
547470
547493
547512
547527
547546
547569
547596
547632
547655
547671
547691
547714
547738
547767
547788
547815
547830
547848
547872
547892
547907
547924
547956
547984
547998
548053
548058
548088
548113
548129
548153
548188
548189
548208
548223
548246
548267
548305
548321
548343
548344
548369
548403
548446
548458
548488
548501
548520
548531
548572
548590
548609
548631
548662
548675
548688
548719
548735
548756
548783
548801
548808
548836
548855
548864
548883
548884
548910
548944
548971
548993
549006
549041
549066
549085
549108
549134
549173
549215
549236
549262
549281
549311
549340
549349
549364
549388
549407
549424
549434
549467
549493
549512
549534
549560
549583
549611
549641
549666
549697
549729
549760
549780
549796
549819
549846
549879
549897
549920
549937
549956
549983
550016
550044
550071
550102
550124
550145
550173
550211
550229
550248
550264
550281
550305
550319
550347
550382
550400
550419
550450
550484
550510
550537
550562
550580
550596
550619
550654
550679
550735
550746
550757
550768
550798
550818
550836
550852
550858
550878
550898
550925
550949
550967
550985
551001
551019
551032
551061
551091
551108
551127
551168
551181
551194
551208
551235
551262
551293
551318
551333
551363
551383
551414
551438
551455
551478
551506
551570
551589
551607
551635
551664
551676
551694
551727
551748
551774
551799
551821
551854
551876
551892
551919
551950
551981
552016
552073
552100
552112
552144
552166
552183
552203
552250
552272
552281
552296
552312
552338
552367
552377
552392
552408
552431
552469
552488
552509
552541
552553
552582
552596
552606
552628
552643
552677
552700
552724
552746
552765
552776
552798
552823
552840
552862
552898
552925
552950
552953
552985
552996
553024
553043
553069
553089
553111
553133
553143
553175
553193
553214
553215
553235
553250
553272
553301
553327
553354
553380
553407
553444
553466
553492
553511
553529
553545
553572
553581
553590
553604
553630
553640
553664
553681
553700
553708
553725
553741
553774
553798
553824
553848
553869
553882
553883
553906
553917
553932
553954
553973
553994
554014
554028
554058
554080
554105
554116
554131
554161
554189
554210
554233
554260
554289
554315
554326
554361
554389
554403
554419
554441
554462
554492
554508
554528
554549
554580
554601
554610
554623
554650
554672
554687
554698
554728
554748
554768
554795
554816
554826
554843
554873
554891
554925
554954
554976
554986
555014
555033
555051
555068
555077
555091
555106
555113
555132
555161
555177
555202
555210
555224
555252
555292
555319
555347
555382
555414
555445
555463
555488
555517
555540
555562
555591
555614
555635
555650
555695
555713
555734
555754
555776
555802
555835
555859
555875
555906
555921
555940
555967
555981
555998
556016
556032
556052
556074
556091
556103
556140
556157
556183
556206
556215
556230
556247
556250
556274
556292
556307
556328
556347
556362
556383
556407
556421
556431
556458
556481
556505
556528
556548
556552
556571
556591
556618
556642
556668
556683
556705
556715
556736
556749
556784
556795
556821
556845
556869
556901
556921
556948
556962
556980
557018
557037
557070
557080
557098
557127
557139
557154
557180
557201
557213
557236
557252
557269
557291
557314
557335
557351
557388
557414
557434
557435
557455
557488
557500
557520
557560
557606
557627
557637
557657
557675
557692
557730
557749
557761
557768
557786
557804
557822
557864
557878
557900
557923
557943
557964
557979
558003
558021
558045
558069
558084
558103
558139
558164
558183
558207
558231
558247
558276
558305
558321
558344
558359
558384
558402
558418
558473
558487
558519
558537
558550
558583
558600
558624
558642
558656
558679
558703
558726
558753
558761
558782
558800
558809
558839
558864
558876
558897
558919
558938
558955
558970
558988
559011
559031
559054
559067
559092
559115
559142
559158
559182
559208
559232
559263
559290
559315
559335
559356
559401
559419
559475
559499
559510
559536
559548
559556
559574
559598
559636
559654
559664
559677
559695
559710
559737
559752
559761
559782
559800
559822
559837
559866
559887
559901
559917
559945
559963
559993
560021
560034
560072
560103
560119
560137
560164
560188
560213
560241
560268
560277
560291
560301
560316
560344
560367
560392
560404
560426
560437
560471
560495
560527
560547
560576
560594
560627
560641
560668
560692
560713
560743
560767
560782
560800
560803
560827
560858
560874
560895
560919
560928
560948
560967
560985
560997
561014
561041
561065
561080
561104
561123
561142
561157
561176
561204
561234
561246
561258
561306
561331
561358
561366
561381
561429
561448
561470
561492
561508
561525
561543
561556
561577
561601
561631
561654
561675
561689
561700
561723
561729
561746
561758
561782
561800
561826
561846
561865
561883
561897
561925
561936
561961
561983
561992
562018
562024
562043
562053
562066
562088
562109
562135
562176
562199
562211
562221
562233
562266
562281
562310
562333
562344
562361
562385
562410
562417
562432
562455
562481
562503
562515
562544
562569
562589
562604
562629
562647
562669
562683
562684
562729
562744
562798
562819
562883
562905
562913
562922
562940
562968
563004
563020
563039
563052
563082
563107
563126
563151
563171
563187
563206
563216
563234
563241
563260
563276
563296
563315
563347
563382
563400
563417
563442
563467
563491
563504
563519
563537
563555
563572
563598
563622
563648
563655
563662
563683
563712
563727
563760
563783
563793
563821
563859
563872
563877
563892
563912
563926
563950
563962
563982
563994
564003
564018
564048
564064
564083
564112
564123
564144
564164
564179
564197
564228
564252
564271
564289
564311
564331
564348
564368
564385
564407
564423
564434
564453
564474
564512
564523
564545
564567
564588
564612
564623
564648
564670
564687
564713
564732
564742
564777
564817
564843
564859
564871
564882
564892
564914
564935
564947
564989
565005
565026
565075
565094
565110
565135
565159
565178
565193
565200
565213
565260
565283
565307
565316
565330
565344
565365
565376
565389
565410
565432
565475
565493
565539
565557
565581
565602
565629
565642
565654
565675
565684
565704
565781
565806
565824
565853
565868
565881
565913
565928
565942
565955
565967
565982
565997
566008
566025
566043
566057
566076
566080
566096
566121
566142
566160
566175
566189
566214
566228
566241
566264
566278
566283
566304
566318
566334
566348
566377
566397
566427
566447
566468
566488
566506
566517
566530
566543
566559
566578
566590
566607
566625
566640
566662
566689
566704
566715
566733
566749
566768
566793
566822
566828
566848
566857
566876
566892
566904
566905
566945
566962
566995
567005
567020
567035
567060
567085
567100
567124
567131
567146
567158
567178
567191
567201
567212
567240
567259
567274
567299
567314
567326
567342
567351
567369
567381
567406
567416
567435
567456
567477
567495
567517
567541
567567
567578
567594
567613
567642
567657
567667
567687
567697
567713
567730
567750
567764
567774
567818
567832
567839
567845
567853
567869
567887
567941
567956
568001
568032
568052
568064
568093
568118
568129
568138
568161
568194
568236
568250
568278
568300
568320
568335
568362
568382
568414
568437
568480
568506
568518
568534
568546
568559
568595
568650
568666
568685
568693
568702
568722
568736
568753
568762
568777
568794
568825
568841
568862
568873
568883
568902
568903
568920
568936
568974
569000
569019
569034
569045
569063
569078
569089
569149
569163
569175
569197
569217
569253
569277
569290
569305
569314
569332
569355
569388
569407
569459
569468
569483
569504
569518
569539
569558
569580
569628
569654
569679
569698
569720
569742
569756
569770
569780
569790
569827
569838
569864
569873
569923
569940
569953
569986
570007
570014
570035
570049
570070
570082
570104
570115
570139
570159
570184
570199
570220
570241
570255
570261
570304
570320
570340
570357
570386
570401
570421
570434
570456
570468
570521
570540
570560
570572
570590
570604
570622
570639
570645
570664
570691
570710
570720
570736
570752
570763
570764
570771
570792
570813
570830
570856
570875
570894
570943
570959
570992
571014
571031
571048
571066
571081
571094
571102
571110
571121
571131
571146
571153
571175
571201
571242
571256
571274
571340
571349
571365
571408
571415
571436
571480
571488
571504
571531
571559
571568
571581
571593
571614
571626
571634
571647
571665
571681
571700
571713
571771
571787
571804
571824
571836
571853
571872
571890
571899
571920
571938
571959
571972
572002
572014
572022
572045
572064
572092
572108
572129
572148
572156
572166
572191
572207
572229
572246
572261
572294
572321
572344
572370
572422
572439
572459
572464
572480
572490
572503
572517
572529
572546
572551
572566
572578
572608
572623
572646
572696
572715
572740
572749
572761
572792
572809
572833
572847
572868
572879
572894
572914
572936
572953
572990
572995
573007
573021
573034
573057
573084
573103
573127
573148
573160
573175
573192
573206
573255
573273
573285
573325
573340
573353
573394
573414
573438
573458
573480
573502
573516
573532
573548
573560
573576
573592
573608
573629
573641
573649
573659
573670
573692
573701
573750
573757
573770
573841
573855
573867
573906
573930
573944
573949
573962
573981
573988
573997
574003
574018
574066
574105
574115
574134
574158
574180
574205
574263
574276
574306
574326
574342
574352
574388
574418
574432
574447
574464
574474
574475
574496
574504
574522
574543
574559
574583
574620
574627
574649
574706
574725
574735
574744
574758
574767
574776
574787
574813
574829
574854
574871
574903
574913
574928
574940
574948
574964
574982
575001
575014
575032
575045
575077
575093
575119
575131
575148
575169
575177
575193
575215
575238
575303
575327
575339
575347
575359
575376
575397
575411
575421
575440
575455
575471
575483
575497
575535
575551
575564
575585
575603
575619
575643
575655
575665
575692
575710
575718
575732
575743
575753
575767
575774
575799
575816
575833
575857
575876
575893
575908
575920
575944
575988
576031
576052
576069
576080
576103
576115
576149
576159
576171
576208
576218
576225
576256
576282
576297
576323
576348
576373
576391
576417
576439
576449
576472
576483
576497
576521
576585
576595
576605
576616
576629
576653
576666
576683
576701
576736
576762
576776
576792
576803
576823
576836
576846
576853
576898
576943
576958
576972
576986
577016
577033
577049
577056
577074
577080
577085
577098
577120
577134
577156
577167
577178
577184
577191
577207
577227
577246
577263
577293
577306
577316
577335
577356
577387
577402
577413
577430
577447
577459
577476
577504
577518
577542
577551
577568
577593
577609
577646
577653
577665
577713
577764
577781
577792
577811
577838
577853
577873
577902
577918
577936
577940
577958
577972
578003
578018
578027
578040
578049
578065
578094
578112
578159
578179
578193
578209
578221
578248
578265
578277
578324
578352
578367
578417
578426
578483
578511
578529
578569
578577
578591
578606
578620
578646
578660
578698
578707
578723
578747
578762
578778
578798
578838
578861
578889
578921
578937
578985
579005
579022
579033
579051
579067
579083
579098
579126
579145
579157
579180
579197
579236
579246
579262
579278
579296
579311
579339
579353
579363
579377
579388
579427
579448
579453
579466
579480
579501
579527
579577
579596
579608
579612
579628
579641
579649
579661
579677
579696
579710
579730
579753
579771
579788
579801
579809
579815
579849
579856
579873
579924
579943
579972
579990
580019
580028
580050
580058
580076
580093
580105
580114
580125
580136
580150
580172
580197
580214
580225
580236
580242
580256
580293
580306
580324
580364
580376
580397
580408
580420
580434
580445
580458
580474
580492
580578
580585
580605
580629
580639
580656
580670
580681
580729
580760
580774
580786
580799
580815
580836
580865
580870
580875
580893
580902
580917
580953
580964
580987
580999
581013
581021
581043
581064
581081
581098
581108
581118
581134
581148
581164
581174
581185
581198
581209
581230
581237
581274
581288
581296
581319
581338
581349
581365
581371
581382
581405
581428
581440
581450
581462
581475
581487
581492
581533
581556
581566
581581
581595
581603
581614
581627
581634
581645
581674
581699
581712
581724
581742
581762
581821
581835
581850
581868
581880
581898
581910
581925
581965
581970
581987
581999
582010
582052
582066
582087
582117
582129
582161
582170
582176
582194
582204
582225
582247
582266
582292
582303
582312
582339
582350
582361
582374
582407
582419
582430
582479
582489
582506
582521
582535
582591
582614
582651
582678
582689
582703
582750
582755
582767
582778
582790
582800
582816
582830
582847
582859
582879
582895
582905
582919
582929
582946
582962
582981
582996
583011
583024
583038
583058
583076
583095
583110
583129
583152
583194
583208
583239
583249
583265
583277
583297
583310
583317
583379
583397
583420
583443
583480
583493
583521
583532
583554
583576
583580
583595
583609
583625
583638
583670
583690
583700
583710
583740
583750
583764
583797
583810
583814
583824
583853
583872
583886
583898
583919
583946
583960
583981
583994
584025
584042
584064
584080
584095
584104
584111
584134
584139
584170
584204
584217
584230
584244
584263
584273
584287
584299
584313
584320
584337
584357
584378
584388
584399
584411
584424
584439
584456
584468
584473
584506
584528
584541
584549
584579
584598
584612
584654
584667
584681
584722
584735
584755
584785
584797
584812
584831
584844
584885
584893
584909
584926
584933
584944
584962
584986
585017
585050
585060
585083
585097
585112
585148
585187
585204
585219
585235
585252
585272
585290
585302
585324
585335
585356
585369
585370
585380
585397
585413
585431
585468
585473
585490
585505
585524
585537
585553
585568
585575
585592
585598
585609
585629
585637
585648
585689
585708
585719
585731
585759
585773
585787
585801
585824
585860
585867
585876
585893
585914
585951
585987
585999
586032
586051
586058
586066
586098
586114
586131
586134
586147
586159
586168
586185
586200
586214
586229
586245
586256
586269
586279
586294
586315
586333
586356
586383
586408
586419
586449
586461
586501
586541
586577
586587
586627
586635
586650
586663
586677
586687
586724
586733
586749
586758
586773
586813
586833
586839
586848
586861
586901
586910
586918
586924
586986
586996
587010
587022
587053
587066
587079
587096
587108
587121
587135
587151
587162
587200
587212
587236
587269
587313
587338
587345
587404
587416
587431
587441
587456
587473
587487
587499
587509
587518
587533
587565
587578
587619
587630
587641
587659
587672
587688
587713
587722
587760
587771
587786
587792
587808
587821
587836
587847
587872
587891
587910
587917
587929
587953
587991
588012
588021
588038
588052
588085
588093
588126
588136
588154
588162
588181
588196
588209
588214
588225
588239
588251
588265
588295
588296
588317
588329
588346
588367
588397
588403
588429
588475
588485
588517
588541
588554
588565
588577
588594
588614
588640
588650
588670
588676
588734
588742
588764
588772
588781
588791
588820
588837
588861
588870
588896
588906
588915
588933
588952
588961
588973
588989
589021
589031
589046
589051
589058
589067
589074
589115
589127
589158
589170
589179
589209
589219
589233
589269
589327
589341
589351
589355
589369
589373
589408
589419
589432
589459
589465
589492
589507
589512
589524
589541
589573
589584
589598
589611
589669
589677
589713
589725
589743
589762
589776
589818
589827
589860
589877
589887
589896
589935
589948
589988
590032
590048
590062
590075
590084
590096
590114
590130
590147
590158
590167
590185
590189
590201
590210
590222
590232
590245
590253
590268
590280
590286
590304
590323
590353
590374
590392
590401
590410
590420
590426
590435
590461
590466
590482
590495
590511
590520
590532
590543
590564
590583
590628
590648
590656
590677
590693
590704
590714
590762
590777
590798
590809
590829
590838
590840
590890
590905
590924
590968
590992
591024
591123
591137
591153
591183
591237
591265
591278
591288
591296
591313
591328
591333
591344
591362
591379
591425
591447
591462
591475
591479
591491
591499
591514
591541
591547
591557
591571
591585
591604
591612
591620
591636
591646
591660
591668
591679
591691
591698
591719
591732
591753
591760
591764
591774
591777
591786
591820
591832
591848
591881
591894
591943
591953
591967
591981
591995
592005
592018
592022
592037
592046
592050
592067
592077
592094
592159
592165
592188
592204
592219
592244
592268
592283
592291
592324
592329
592341
592355
592390
592397
592408
592424
592436
592454
592460
592478
592497
592524
592530
592573
592584
592594
592600
592605
592627
592660
592671
592682
592690
592727
592734
592763
592780
592819
592833
592847
592854
592877
592885
592894
592910
592920
592931
592977
592986
592994
593008
593039
593046
593051
593121
593128
593135
593145
593169
593187
593201
593205
593226
593238
593246
593260
593264
593285
593302
593344
593358
593372
593387
593430
593436
593447
593461
593469
593480
593493
593509
593523
593540
593572
593583
593606
593623
593636
593667
593698
593714
593721
593735
593741
593747
593763
593809
593817
593832
593846
593876
593891
593904
593913
593951
593960
593973
593986
594006
594016
594033
594050
594064
594095
594116
594128
594141
594146
594195
594207
594242
594253
594283
594302
594314
594323
594364
594373
594393
594410
594444
594445
594459
594470
594475
594499
594511
594526
594532
594540
594569
594578
594589
594598
594651
594662
594672
594735
594742
594772
594792
594800
594820
594828
594843
594854
594861
594877
594884
594892
594902
594913
594921
594937
594947
594958
595008
595031
595073
595089
595093
595123
595135
595156
595171
595189
595201
595238
595279
595299
595313
595370
595380
595396
595413
595437
595498
595516
595557
595568
595586
595595
595600
595610
595619
595632
595665
595674
595681
595712
595720
595754
595763
595791
595799
595804
595832
595855
595867
595873
595885
595893
595920
595935
595960
595977
595986
596025
596057
596068
596077
596087
596102
596113
596124
596132
596140
596154
596206
596224
596240
596252
596265
596296
596308
596317
596357
596367
596375
596452
596464
596472
596488
596498
596504
596507
596527
596549
596571
596575
596588
596614
596658
596668
596678
596685
596690
596699
596710
596727
596734
596768
596857
596871
596888
596921
596929
596973
596991
597049
597066
597078
597117
597121
597135
597162
597175
597305
597322
597335
597343
597360
597381
597447
597456
597469
597500
597507
597517
597526
597540
597550
597585
597595
597597
597609
597628
597641
597663
597691
597700
597718
597734
597759
597773
597796
597848
597862
597901
597951
597985
598008
598025
598064
598073
598107
598115
598127
598136
598164
598185
598201
598205
598214
598224
598235
598243
598247
598279
598291
598299
598303
598322
598333
598365
598375
598413
598421
598434
598443
598455
598495
598504
598511
598522
598530
598556
598572
598623
598685
598702
598731
598750
598776
598788
598804
598830
598851
598864
598876
598882
598897
598906
598909
598935
598943
598952
598962
598970
598995
599007
599020
599029
599042
599056
599070
599096
599111
599115
599147
599163
599187
599200
599218
599248
599272
599288
599321
599339
599395
599403
599411
599449
599460
599472
599480
599502
599587
599601
599615
599631
599643
599661
599689
599704
599717
599729
599740
599748
599768
599780
599794
599809
599815
599843
599851
599855
599868
599879
599902
599913
599931
599940
599971
599992
600003
600021
600033
600060
600110
600123
600148
600161
600223
600228
600255
600261
600301
600342
600359
600398
600405
600437
600520
600527
600532
600630
600639
600677
600694
600706
600717
600749
600770
600784
600808
600822
600826
600836
600874
600877
600912
600924
600937
600975
600976
601013
601054
601074
601090
601100
601112
601131
601137
601148
601153
601167
601203
601239
601262
601272
601305
601316
601324
601334
601363
601372
601380
601393
601401
601411
601440
601449
601459
601477
601507
601553
601562
601570
601591
601630
601654
601661
601687
601716
601743
601762
601799
601808
601819
601826
601834
601862
601878
601889
601914
601919
601952
601958
601972
601987
602007
602032
602044
602148
602174
602182
602211
602224
602233
602243
602253
602277
602280
602288
602335
602352
602366
602500
602514
602535
602548
602576
602606
602619
602645
602670
602683
602709
602721
602728
602737
602753
602761
602766
602788
602829
602858
602863
602872
602910
602956
602978
602988
603036
603038
603073
603079
603096
603099
603108
603125
603154
603161
603191
603197
603226
603237
603256
603266
603292
603308
603329
603373
603416
603432
603448
603477
603556
603576
603582
603590
603631
603645
603658
603679
603688
603721
603729
603743
603800
603821
603881
603887
603892
603896
603940
603948
603976
603998
604024
604042
604051
604062
604091
604139
604151
604162
604171
604178
604217
604224
604233
604243
604264
604283
604327
604340
604383
604424
604498
604528
604559
604669
604696
604701
604713
604735
604758
604770
604803
604813
604823
604865
604884
604890
604897
604909
604917
604925
604946
604949
604953
604995
605020
605088
605122
605149
605166
605181
605190
605252
605275
605296
605305
605315
605343
605366
605372
605400
605408
605420
605438
605452
605464
605493
605524
605555
605599
605609
605620
605626
605678
605698
605727
605734
605742
605769
605782
605817
605823
605831
605847
605872
605882
605898
605920
605929
605957
605963
605967
605995
606011
606017
606023
606055
606064
606071
606091
606098
606103
606140
606166
606182
606196
606231
606243
606260
606271
606277
606286
606302
606383
606391
606435
606466
606474
606492
606503
606513
606526
606573
606626
606632
606645
606670
606707
606729
606755
606762
606785
606798
606809
606850
606889
606917
606942
607007
607039
607042
607053
607066
607075
607125
607160
607220
607271
607309
607370
607424
607436
607447
607456
607471
607481
607515
607524
607536
607586
607592
607601
607615
607627
607664
607670
607786
607791
607830
607863
607875
607890
607898
607912
607944
607951
607984
608007
608016
608075
608082
608095
608134
608159
608169
608181
608197
608209
608274
608283
608296
608310
608334
608348
608353
608396
608424
608493
608517
608545
608559
608595
608638
608686
608693
608815
608833
608865
608879
608949
608994
609005
609029
609036
609066
609072
609095
609101
609137
609172
609188
609197
609202
609212
609221
609245
609254
609270
609279
609286
609304
609397
609437
609452
609462
609480
609496
609531
609574
609583
609602
609722
609746
609765
609851
609860
609878
609965
609986
609999
610007
610063
610070
610084
610089
610098
610118
610185
610196
610208
610216
610230
610245
610259
610357
610385
610395
610404
610427
610439
610442
610480
610496
610504
610541
610554
610606
610695
610733
610738
610747
610759
610774
610789
610836
610894
610909
610918
610962
611031
611036
611055
611151
611186
611199
611252
611256
611270
611281
611302
611310
611315
611363
611368
611399
611425
611439
611444
611465
611488
611508
611513
611533
611545
611563
611572
611580
611605
611625
611683
611690
611710
611714
611733
611792
611859
611899
611918
611947
611964
611982
611996
612026
612038
612050
612054
612086
612129
612136
612156
612162
612255
612261
612267
612311
612331
612334
612338
612347
612357
612384
612443
612465
612524
612534
612543
612555
612577
612590
612596
612649
612714
612727
612780
612787
612789
612798
612823
612834
612851
612860
612868
612932
612974
612994
613000
613012
613029
613077
613096
613130
613138
613148
613164
613173
613189
613208
613250
613266
613271
613280
613319
613338
613350
613386
613422
613448
613493
613551
613567
613598
613643
613660
613692
613748
613779
613788
613792
613848
613856
613977
614000
614009
614014
614020
614066
614158
614182
614193
614197
614216
614249
614309
614317
614362
614370
614429
614463
614512
614520
614576
614619
614644
614663
614671
614684
614879
614885
614895
614924
614975
614993
615007
615098
615126
615133
615164
615182
615222
615231
615246
615258
615282
615289
615350
615369
615377
615423
615463
615467
615492
615518
615552
615592
615652
615673
615698
615762
615766
615793
615825
615868
615939
615961
615983
616007
616009
616042
616047
616064
616089
616110
616173
616179
616191
616201
616239
616286
616370
616401
616409
616494
616628
616636
616698
616702
616783
616789
616810
616955
616966
617023
617066
617106
617114
617134
617181
617206
617282
617291
617334
617343
617442
617492
617514
617547
617598
617620
617661
617666
617691
617698
617749
617793
617825
617863
617874
618142
618186
618251
618271
618408
618428
618432
618437
618473
618489
618496
618504
618546
618597
618699
618780
618833
618886
618900
618904
618910
618982
619027
619041
619048
619092
619110
619134
619164
619229
619241
619285
619292
619317
619340
619359
619368
619378
619579
619786
619801
619826
619855
619867
620165
620181
620191
620196
620226
620233
620305
620337
620412
620472
620484
620562
620694
620699
620740
620795
620803
620820
620856
620916
620926
621027
621047
621122
621131
621178
621239
621244
621274
621300
621312
621332
621344
621361
621370
621479
621486
621675
621682
621748
621768
621820
621860
621903
621927
621974
622046
622110
622142
622407
622432
622448
622476
622488
622494
622516
622520
622526
622533
622553
622560
622578
622603
622665
622684
622752
622795
622864
622938
622950
622970
623133
623149
623264
623269
623290
623292
623328
623331
623458
623493
623579
623613
623687
623698
623741
623780
623799
623837
623842
623845
623896
623916
623939
623971
623975
623989
624000
624067
624125
624141
624185
624189
624305
624331
624479
624490
624497
624532
624568
624676
624728
624743
624819
624938
625009
625048
625059
625142
625214
625281
625327
625439
625588
625704
625719
625759
625801
625833
625862
625943
625949
625950
626010
626120
626345
626383
626437
626475
626545
626552
626573
626585
626620
626711
626717
626739
626753
626757
626872
626880
626904
626950
627057
627071
627075
627099
627135
627147
627157
627210
627275
627406
627411
627416
627492
627498
627502
627549
627554
627609
627626
627632
627709
627851
627877
627909
627910
627931
627987
628042
628094
628122
628244
628279
628291
628416
628437
628467
628474
628532
628604
628638
628768
628868
628899
628956
628959
629166
629208
629233
629409
629448
629477
629511
629637
629643
629679
629773
629816
629833
629946
630059
630196
630245
630248
630251
630410
630483
630500
630532
630811
630813
630837
630876
630891
630938
630986
631028
631045
631104
631127
631278
631337
631552
631625
631737
631795
631929
632020
632028
632055
632168
632239
632350
632447
632460
632588
632658
632662
632799
632941
632971
632992
633074
633090
633114
633163
633274
633294
633367
633423
633631
633744
633774
633920
633968
634086
634525
634529
634532
634550
634699
634831
634882
634977
635004
635034
635040
635203
635212
635277
635371
635854
635958
636028
636159
636235
636407
636698
636705
636761
636805
636832
636879
636909
637054
637217
637284
637289
637462
637560
637717
638185
638188
638330
638381
638878
638977
639090
639343
639423
639660
639700
639825
639867
639996
640126
640252
640273
640614
640669
640714
641147
641275
641281
641380
641424
641537
641751
642159
642270
642323
642651
642662
642726
642830
643002
643289
643303
643321
643348
643409
643577
643665
644126
644182
644201
644304
644351
644366
644651
644679
644862
645068
645071
645072
645236
645454
645705
645925
646055
646159
646418
647421
647527
647572
647773
648049
648153
648324
648428
648706
648837
648921
649231
649263
649467
649511
649844
650026
650100
650104
650499
650758
651121
651285
651538
651644
652324
652507
653259
653454
653781
653873
654208
654714
654971
655059
655519
655720
655759
656555
656586
657667
658418
658789
659172
659783
659865
660996
661427
661662
661816
662726
663583
664639
665020
666426
667307
667344
667804
671050
671547
671951
672578
673841
674384
676034
677309
679293
679372
679698
680840
681313
682338
683974
684010
684204
684507
686397
689577
690194
691036
691965
696010
697798
704187
719337
727485
738596
752194
